PID Gains,0.1,0,0
BaseSpeed,1200
Pitch,Roll,Yaw,Pid_output_X,pid_output_Y,pid_output_Z
1.516,1.165,-171.531,88.9046,68.3205,100
1.512,1.174,-171.523,-12.4308,-8.84463,100
1.509,1.182,-171.523,-12.3741,-9.00189,100
1.508,1.184,-171.522,-12.2667,-9.44453,100
1.509,1.185,-171.52,-12.1753,-9.54586,100
1.51,1.185,-171.518,-12.2173,-9.63919,100
1.511,1.181,-171.512,-12.2593,-9.90043,100
1.512,1.178,-171.505,-12.3013,-9.83627,100
1.511,1.179,-171.497,-12.4606,-9.60413,100
1.509,1.178,-171.493,-12.5452,-9.75596,100
1.508,1.18,-171.493,-12.5045,-9.59851,100
1.507,1.182,-171.493,-12.5304,-9.64111,100
1.506,1.181,-171.49,-12.5563,-9.85968,100
1.507,1.183,-171.492,-12.4649,-9.7023,100
1.51,1.185,-171.497,-12.3895,-9.74496,100
1.515,1.185,-171.501,-12.3303,-9.90496,100
1.518,1.179,-171.513,-12.5218,-10.2835,100
1.52,1.175,-171.505,-12.6386,-10.1446,100
1.52,1.169,-171.515,-12.8062,-10.2562,100
1.524,1.162,-171.527,-12.6058,-10.293,100
1.525,1.157,-171.534,-12.8481,-10.1457,100
1.525,1.151,-171.545,-12.9491,-10.1903,100
1.53,1.147,-171.549,-12.6902,-10.0508,100
1.532,1.142,-171.547,-12.9406,-10.1031,100
1.534,1.137,-171.543,-12.9911,-10.0887,100
1.533,1.132,-171.544,-13.2176,-10.0742,100
1.534,1.122,-171.542,-13.1268,-10.3528,100
1.535,1.116,-171.531,-13.1694,-10.0632,100
1.536,1.118,-171.521,-13.2119,-9.57103,100
1.535,1.114,-171.52,-13.3718,-9.9641,100
1.536,1.115,-171.523,-13.281,-9.66385,100
1.537,1.111,-171.525,-13.3236,-9.99018,100
1.536,1.104,-171.506,-13.4835,-10.159,100
1.541,1.091,-171.508,-13.1582,-10.4796,100
1.544,1.092,-171.506,-13.3502,-9.57881,100
1.547,1.078,-171.506,-13.409,-10.4911,100
1.547,1.067,-171.498,-13.6439,-10.2271,100
1.554,1.068,-171.485,-13.2682,-9.4591,100
1.556,1.071,-171.478,-13.6525,-9.37386,100
1.556,1.068,-171.47,-13.8208,-9.77389,100
1.562,1.063,-171.44,-13.504,-9.89114,100
1.569,1.056,-171.441,-13.5286,-9.99224,100
1.572,1.047,-171.433,-13.8547,-10.0771,100
1.574,1.028,-171.411,-13.9727,-10.6149,100
1.578,1.022,-171.413,-13.9069,-9.72325,100
1.586,1.025,-171.411,-13.7399,-9.17032,100
1.581,1.022,-171.397,-14.6022,-9.56931,100
1.584,1.022,-171.396,-14.1285,-9.39231,100
1.597,1.017,-171.399,-13.6017,-9.70852,100
1.593,1.016,-171.387,-14.7389,-9.45671,100
1.597,1.017,-171.385,-14.2735,-9.35426,100
1.6,1.019,-171.404,-14.4002,-9.32652,100
1.6,1.014,-171.398,-14.6362,-9.77601,100
1.602,1.009,-171.377,-14.5549,-9.75871,100
1.607,1.015,-171.383,-14.431,-9.09621,100
1.606,1.01,-171.364,-14.8592,-9.81227,100
1.606,1.005,-171.363,-14.8287,-9.79488,100
1.611,1.006,-171.348,-14.5716,-9.42552,100
1.605,1.005,-171.337,-15.293,-9.57346,100
1.612,1.008,-171.325,-14.5186,-9.35348,100
1.606,0.999,-171.317,-15.3734,-10.104,100
1.606,1.003,-171.293,-15.0096,-9.29186,100
1.61,1.003,-171.306,-14.8111,-9.58109,100
1.611,0.995,-171.259,-15.0554,-10.0728,100
1.613,0.996,-171.254,-15.041,-9.50322,100
1.614,0.994,-171.234,-15.152,-9.70959,100
1.608,0.987,-171.187,-15.6068,-10.0091,100
1.607,0.983,-171.147,-15.3016,-9.79924,100
1.601,0.981,-171.11,-15.623,-9.67198,100
1.601,0.984,-171.09,-15.259,-9.38479,100
1.601,0.98,-171.071,-15.295,-9.84151,100
1.596,0.976,-171.013,-15.6243,-9.83147,100
1.592,0.978,-170.983,-15.5614,-9.46947,100
1.588,0.974,-170.955,-15.5652,-9.85939,100
1.589,0.975,-170.903,-15.2756,-9.55599,100
1.586,0.975,-170.88,-15.5539,-9.6446,100
1.584,0.976,-170.842,-15.5069,-9.60789,100
1.583,0.974,-170.844,-15.4679,-9.8138,100
1.582,0.973,-170.777,-15.4955,-9.76103,100
1.582,0.976,-170.777,-15.4644,-9.54032,100
1.58,0.974,-170.764,-15.6173,-9.87957,100
1.58,0.976,-170.777,-15.5195,-9.65086,100
1.586,0.976,-170.796,-15.2032,-9.80616,100
1.579,0.977,-170.814,-16.0494,-9.76947,100
1.589,0.98,-170.836,-15.0318,-9.68219,100
1.587,0.976,-170.836,-15.8515,-10.1388,100
1.595,0.982,-170.794,-15.2847,-9.54224,100
1.596,0.988,-170.791,-15.7953,-9.61247,100
1.598,0.985,-170.755,-15.7806,-10.2106,100
1.598,0.986,-170.762,-15.9499,-9.97416,100
1.599,0.989,-170.698,-15.9272,-9.88707,100
1.597,0.993,-170.694,-16.1471,-9.87475,100
1.601,0.988,-170.638,-15.8151,-10.457,100
1.604,0.993,-170.587,-15.9419,-9.85266,100
1.603,0.99,-170.553,-16.2366,-10.3843,100
1.598,0.993,-170.51,-16.4992,-10.0306,100
1.599,0.988,-170.49,-16.1432,-10.5462,100
1.596,0.994,-170.459,-16.4218,-9.8832,100
1.603,0.995,-170.446,-15.8472,-10.2469,100
1.596,0.995,-170.429,-16.7604,-10.336,100
1.601,0.996,-170.41,-16.0365,-10.2997,100
1.6,0.993,-170.417,-16.4645,-10.5647,100
1.599,0.996,-170.379,-16.4924,-10.2111,100
1.598,0.994,-170.391,-16.5204,-10.5508,100
1.598,0.992,-170.365,-16.4897,-10.5572,100
1.595,0.993,-170.362,-16.7016,-10.3875,100
1.596,0.993,-170.378,-16.4788,-10.4765,100
1.596,0.992,-170.363,-16.5814,-10.5575,100
1.593,0.99,-170.361,-16.7932,-10.6304,100
1.598,0.993,-170.371,-16.3359,-10.3434,100
1.592,0.991,-170.366,-17.057,-10.6831,100
1.596,0.993,-170.372,-16.4583,-10.4548,100
1.592,0.99,-170.382,-16.9954,-10.7864,100
1.598,0.993,-170.36,-16.4127,-10.4327,100
1.593,0.997,-170.381,-17.1419,-10.4205,100
1.595,0.996,-170.351,-16.7271,-10.7682,100
1.591,0.993,-170.388,-17.1309,-10.8999,100
1.597,0.991,-170.35,-16.5482,-10.8395,100
1.593,0.994,-170.377,-17.2187,-10.5526,100
1.593,0.992,-170.358,-16.9878,-10.8922,100
1.592,0.994,-170.382,-17.0823,-10.6639,100
1.595,0.991,-170.375,-16.8755,-10.9955,100
1.592,0.995,-170.366,-17.2874,-10.5833,100
1.593,0.996,-170.377,-17.0645,-10.8137,100
1.593,0.996,-170.361,-17.167,-10.9027,100
1.597,0.997,-170.369,-16.9683,-10.8665,100
1.594,0.997,-170.384,-17.4468,-10.9556,100
1.593,0.994,-170.356,-17.3414,-11.154,100
1.592,0.99,-170.392,-17.3692,-11.2109,100
1.594,0.992,-170.363,-17.221,-10.8492,100
1.591,0.995,-170.392,-17.5662,-10.829,100
1.592,0.988,-170.358,-17.3433,-11.4619,100
1.592,0.99,-170.376,-17.4458,-10.9001,100
1.595,0.994,-170.376,-17.3057,-10.8212,100
1.591,0.998,-170.389,-17.7762,-10.8756,100
1.592,0.998,-170.393,-17.4867,-11.1647,100
1.59,0.993,-170.376,-17.7064,-11.4804,100
1.595,0.994,-170.387,-17.3156,-11.1108,100
1.591,0.994,-170.376,-17.9194,-11.1998,100
1.591,0.998,-170.383,-17.6886,-10.9876,100
1.589,0.992,-170.376,-17.8417,-11.6286,100
1.596,0.99,-170.374,-17.3336,-11.3682,100
1.591,0.992,-170.396,-18.1294,-11.1398,100
1.595,0.996,-170.375,-17.5973,-11.0609,100
1.593,0.994,-170.401,-18.0171,-11.4673,100
1.597,0.992,-170.364,-17.685,-11.4736,100
1.594,0.999,-170.403,-18.1636,-10.9521,100
1.595,0.996,-170.373,-17.9408,-11.6172,100
1.59,1.002,-170.401,-18.3366,-11.0877,100
1.594,0.992,-170.378,-17.8044,-12.0967,100
1.593,0.992,-170.387,-18.1656,-11.4523,100
1.594,0.995,-170.391,-18.0761,-11.2987,100
1.592,0.998,-170.391,-18.296,-11.3452,100
1.596,0.993,-170.411,-17.9639,-11.8609,100
1.595,0.992,-170.396,-18.3251,-11.6085,100
1.596,0.994,-170.423,-18.2357,-11.4469,100
1.593,0.995,-170.418,-18.5142,-11.5439,100
1.597,0.996,-170.426,-18.1154,-11.5743,100
1.6,0.994,-170.433,-18.2421,-11.7807,100
1.601,0.997,-170.443,-18.4195,-11.4938,100
1.601,0.996,-170.466,-18.5221,-11.7749,100
1.604,0.994,-170.448,-18.3822,-11.8479,100
1.602,0.997,-170.445,-18.7356,-11.561,100
1.605,0.998,-170.461,-18.4624,-11.7248,100
1.604,0.995,-170.445,-18.7571,-11.9899,100
1.6,0.994,-170.444,-18.9611,-11.8709,100
1.607,0.996,-170.458,-18.32,-11.7093,100
1.604,0.991,-170.456,-18.9987,-12.1583,100
1.607,0.996,-170.448,-18.6589,-11.554,100
1.61,0.998,-170.458,-18.7191,-11.7925,100
1.606,0.993,-170.469,-19.1899,-12.2415,100
1.61,0.999,-170.441,-18.7248,-11.5786,100
1.61,0.999,-170.464,-19.0277,-12.0011,100
1.608,0.998,-170.471,-19.1812,-12.0822,100
1.613,1,-170.437,-18.7908,-11.9207,100
1.61,1.003,-170.452,-19.3364,-11.9006,100
1.61,0.999,-170.425,-19.1726,-12.3578,100
1.61,0.999,-170.458,-19.2088,-12.1136,100
1.61,0.996,-170.43,-19.2451,-12.312,100
1.609,1.001,-170.449,-19.3399,-11.8412,100
1.611,1,-170.446,-19.1922,-12.2557,100
1.613,1.001,-170.448,-19.2445,-12.1529,100
1.613,0.999,-170.459,-19.4141,-12.3593,100
1.614,1.003,-170.438,-19.3918,-12.0139,100
1.611,1.005,-170.471,-19.6707,-12.1859,100
1.609,1.004,-170.452,-19.6242,-12.4004,100
1.611,0.999,-170.467,-19.4098,-12.6496,100
1.615,0.998,-170.446,-19.3448,-12.3974,100
1.615,1,-170.451,-19.6478,-12.2359,100
1.613,1.002,-170.473,-19.8014,-12.2744,100
1.608,1.002,-170.472,-19.9976,-12.4303,100
1.614,1.002,-170.482,-19.3486,-12.4528,100
1.61,0.997,-170.472,-20.0195,-12.7686,100
1.613,1.002,-170.493,-19.6131,-12.1645,100
1.607,0.998,-170.496,-20.2013,-12.7549,100
1.614,1.002,-170.492,-19.4269,-12.2762,100
1.617,1.004,-170.506,-19.754,-12.4481,100
1.61,1.005,-170.508,-20.4008,-12.5454,100
1.614,1.004,-170.531,-19.7358,-12.6933,100
1.612,1.004,-170.534,-20.1561,-12.6492,100
1.62,1.002,-170.519,-19.5899,-12.7891,100
1.622,1.004,-170.552,-20.0424,-12.561,100
1.622,1.005,-170.54,-20.2122,-12.6583,100
1.625,1.009,-170.584,-20.0728,-12.513,100
1.629,1.006,-170.575,-20.0748,-12.9783,100
1.635,1.011,-170.59,-20.0262,-12.5077,100
1.641,1.01,-170.592,-20.1111,-12.9224,100
1.648,1.015,-170.596,-20.1375,-12.5853,100
1.647,1.014,-170.611,-20.6999,-13.0001,100
1.652,1.016,-170.602,-20.3771,-12.8389,100
1.657,1.015,-170.639,-20.4544,-13.0538,100
1.66,1.018,-170.623,-20.6491,-12.834,100
1.66,1.02,-170.643,-20.8864,-12.9396,100
1.661,1.018,-170.628,-20.8651,-13.2132,100
1.66,1.019,-170.641,-21.0278,-13.0441,100
1.668,1.019,-170.662,-20.5293,-13.1337,100
1.67,1.022,-170.664,-20.9829,-12.9807,100
1.678,1.023,-170.666,-20.6847,-13.1451,100
1.686,1.028,-170.631,-20.7866,-12.9415,100
1.699,1.036,-170.622,-20.5955,-12.8288,100
1.703,1.038,-170.617,-21.2658,-13.2682,100
1.72,1.054,-170.594,-20.5738,-12.4866,100
1.718,1.063,-170.6,-21.8632,-13.0492,100
1.719,1.06,-170.58,-21.7098,-13.849,100
1.708,1.054,-170.618,-22.4603,-14.0247,100
1.708,1.043,-170.587,-21.7654,-14.2935,100
1.704,1.043,-170.618,-22.0384,-13.5837,100
1.703,1.035,-170.602,-21.8687,-14.0763,100
1.702,1.039,-170.636,-21.899,-13.3317,100
1.708,1.034,-170.623,-21.5188,-13.9149,100
1.712,1.042,-170.624,-21.7226,-13.1357,100
1.722,1.047,-170.628,-21.4414,-13.3993,100
1.725,1.057,-170.603,-21.9708,-13.1697,100
1.732,1.06,-170.605,-21.7991,-13.6842,100
1.732,1.062,-170.612,-22.3048,-13.7908,100
1.737,1.066,-170.561,-22.0505,-13.7134,100
1.746,1.07,-170.544,-21.8951,-13.7695,100
1.747,1.076,-170.548,-22.4758,-13.7084,100
1.748,1.071,-170.502,-22.5231,-14.4258,100
1.746,1.068,-170.505,-22.7464,-14.2925,100
1.743,1.054,-170.467,-22.8283,-14.9376,100
1.738,1.057,-170.48,-22.9607,-13.852,100
1.738,1.055,-170.49,-22.6665,-14.1931,100
1.734,1.058,-170.485,-22.9402,-13.9076,100
1.733,1.055,-170.5,-22.7712,-14.3073,100
1.723,1.051,-170.478,-23.3299,-14.3656,100
1.719,1.05,-170.497,-22.9366,-14.1812,100
1.715,1.053,-170.487,-22.9432,-13.9623,100
1.714,1.049,-170.458,-22.7738,-14.4205,100
1.706,1.043,-170.443,-23.2148,-14.5293,100
1.705,1.037,-170.422,-22.7785,-14.5047,100
1.7,1.034,-170.441,-23.0434,-14.3039,100
1.691,1.031,-170.416,-23.2761,-14.3031,100
1.693,1.033,-170.428,-22.5969,-14.009,100
1.684,1.028,-170.422,-23.2961,-14.4588,100
1.69,1.031,-170.427,-22.3821,-13.9727,100
1.688,1.03,-170.443,-22.9375,-14.2545,100
1.694,1.032,-170.407,-22.4902,-14.0938,100
1.687,1.036,-170.441,-23.3389,-14.0157,100
1.686,1.032,-170.409,-22.9688,-14.5403,100
1.676,1.033,-170.436,-23.5265,-14.2382,100
1.667,1.017,-170.411,-23.4254,-15.2664,100
1.66,1.018,-170.421,-23.2734,-14.164,100
1.653,1.012,-170.436,-23.2546,-14.6054,100
1.645,1.005,-170.427,-23.2942,-14.6387,100
1.648,1.009,-170.428,-22.622,-13.9601,100
1.645,1.005,-170.45,-23.035,-14.484,100
1.639,1.007,-170.429,-23.2239,-14.1227,100
1.637,1.004,-170.459,-22.978,-14.4546,100
1.638,1.007,-170.431,-22.8229,-14.1013,100
1.639,1.004,-170.435,-22.8678,-14.4998,100
1.635,1.005,-170.432,-23.2059,-14.2638,100
1.632,1.003,-170.43,-23.152,-14.4704,100
1.631,1.006,-170.443,-23.0473,-14.1837,100
1.626,1.003,-170.427,-23.3106,-14.5822,100
1.631,1.006,-170.436,-22.7206,-14.2289,100
1.628,1.002,-170.443,-23.2666,-14.6861,100
1.631,1.005,-170.433,-22.9273,-14.266,100
1.626,1.003,-170.456,-23.4572,-14.6059,100
1.627,1.004,-170.417,-23.1018,-14.4365,100
1.625,1.004,-170.457,-23.3223,-14.5258,100
1.626,1.002,-170.418,-23.1669,-14.6656,100
1.623,1.005,-170.434,-23.4461,-14.3789,100
1.626,1.004,-170.446,-23.1067,-14.6602,100
1.626,1.001,-170.428,-23.3433,-14.792,100
1.628,1.003,-170.431,-23.2626,-14.4973,100
1.63,1.002,-170.44,-23.3153,-14.7118,100
1.625,1,-170.446,-23.7785,-14.785,100
1.628,1.005,-170.422,-23.3058,-14.3809,100
1.62,1.007,-170.45,-24.0116,-14.6196,100
1.621,1.001,-170.419,-23.456,-15.1274,100
1.623,1.006,-170.466,-23.4419,-14.4567,100
1.627,1.001,-170.43,-23.3772,-15.1059,100
1.625,1.005,-170.454,-23.7977,-14.5605,100
1.626,1.002,-170.446,-23.6423,-15.0258,100
1.626,1.007,-170.444,-23.7456,-14.5551,100
1.625,1.004,-170.454,-23.8408,-15.087,100
1.623,1.002,-170.433,-23.928,-15.0269,100
1.625,1.001,-170.463,-23.7139,-14.9747,100
1.625,1.003,-170.453,-23.8838,-14.8133,100
1.626,1.006,-170.447,-23.8617,-14.7933,100
1.623,1.004,-170.439,-24.1409,-15.1332,100
1.621,1.003,-170.433,-24.0947,-15.0811,100
1.625,1.005,-170.453,-23.7632,-14.9197,100
1.622,1.004,-170.441,-24.2424,-15.1343,100
1.627,1.004,-170.443,-23.7857,-15.0902,100
1.62,1.004,-170.453,-24.5661,-15.1128,100
1.623,1.005,-170.44,-23.96,-15.0768,100
1.617,1.004,-170.465,-24.5484,-15.2247,100
1.62,1.001,-170.425,-24.0088,-15.3565,100
1.622,1.003,-170.462,-24.128,-15.0618,100
1.621,1,-170.437,-24.3564,-15.3936,100
1.619,1.008,-170.455,-24.4435,-14.747,100
1.612,1.005,-170.447,-24.7571,-15.4789,100
1.609,1.007,-170.442,-24.5027,-15.1842,100
1.61,1,-170.462,-24.2802,-15.7507,100
1.612,1.001,-170.436,-24.2658,-15.2479,100
1.612,1,-170.449,-24.4354,-15.3957,100
1.608,1.001,-170.452,-24.7063,-15.2929,100
1.604,1.005,-170.467,-24.7104,-15.1476,100
1.603,1.005,-170.475,-24.5384,-15.4368,100
1.6,0.999,-170.453,-24.6838,-15.8113,100
1.607,0.998,-170.467,-24.1093,-15.4924,100
1.599,1.003,-170.455,-25.0812,-15.155,100
1.608,1.001,-170.46,-24.0561,-15.6282,100
1.602,1.003,-170.465,-25.0441,-15.4001,100
1.609,0.997,-170.452,-24.2697,-15.9079,100
1.601,0.999,-170.488,-25.2417,-15.413,100
1.605,0.993,-170.449,-24.5098,-15.9207,100
1.6,1.001,-170.49,-25.1058,-15.0739,100
1.604,0.995,-170.459,-24.5739,-15.9816,100
1.605,1.003,-170.482,-24.818,-15.1348,100
1.606,0.996,-170.478,-24.8621,-16.1012,100
1.603,1.002,-170.466,-25.1409,-15.3051,100
1.604,0.998,-170.494,-24.9183,-15.9622,100
1.605,1.003,-170.462,-24.9624,-15.4248,100
1.606,1.003,-170.469,-25.0066,-15.7807,100
1.603,1.003,-170.499,-25.2853,-15.8033,100
1.608,0.999,-170.455,-24.8281,-16.0604,100
1.609,1.003,-170.491,-25.139,-15.5816,100
1.61,0.998,-170.472,-25.1832,-16.1641,100
1.607,1.005,-170.484,-25.4621,-15.4427,100
1.602,1.001,-170.487,-25.5914,-16.1666,100
1.602,1.001,-170.476,-25.2941,-15.9224,100
1.606,0.998,-170.499,-25.0956,-16.1209,100
1.611,0.999,-170.469,-25.1052,-15.8847,100
1.61,1,-170.482,-25.5334,-15.9152,100
1.607,0.999,-170.483,-25.6789,-16.063,100
1.604,1.003,-170.493,-25.691,-15.7842,100
1.607,1.001,-170.501,-25.3512,-16.1908,100
1.604,0.997,-170.483,-25.7632,-16.3145,100
1.611,0.995,-170.496,-25.1888,-16.1876,100
1.607,0.997,-170.493,-25.9263,-15.9593,100
1.61,1.002,-170.485,-25.5199,-15.8219,100
1.603,1.002,-170.499,-26.1666,-16.1778,100
1.604,0.999,-170.471,-25.6774,-16.3762,100
1.602,1.001,-170.518,-25.8974,-16.0814,100
1.605,0.995,-170.489,-25.6242,-16.5891,100
1.603,1,-170.522,-25.9776,-15.9183,100
1.599,0.998,-170.512,-26.1149,-16.3914,100
1.595,0.996,-170.507,-26.1188,-16.3978,100
1.598,0.997,-170.523,-25.7121,-16.2283,100
1.592,1,-170.518,-26.2999,-16.1414,100
1.593,1.001,-170.515,-25.8771,-16.3053,100
1.584,1.001,-170.539,-26.5074,-16.3945,100
1.585,1.001,-170.519,-25.8844,-16.417,100
1.583,1.004,-170.545,-26.104,-16.2636,100
1.587,0.995,-170.504,-25.7717,-17.014,100
1.592,1,-170.527,-25.7809,-16.1432,100
1.593,0.997,-170.509,-26.0914,-16.6749,100
1.591,1.007,-170.5,-26.3112,-15.9109,100
1.589,1.001,-170.502,-26.3309,-16.9521,100
1.591,1,-170.485,-26.116,-16.6333,100
1.593,0.998,-170.506,-26.1679,-16.7064,100
1.597,0.997,-170.472,-26.1025,-16.6542,100
1.597,0.996,-170.49,-26.4051,-16.6686,100
1.598,0.996,-170.491,-26.3824,-16.6243,100
1.596,1.002,-170.501,-26.6023,-16.2949,100
1.597,0.998,-170.506,-26.4462,-16.952,100
1.591,0.998,-170.496,-26.9007,-16.7078,100
1.593,0.994,-170.518,-26.4192,-16.9648,100
1.592,0.998,-170.515,-26.647,-16.4859,100
1.594,0.997,-170.504,-26.4989,-16.8337,100
1.593,0.996,-170.533,-26.7267,-16.8481,100
1.598,0.995,-170.534,-26.4027,-16.8625,100
1.596,0.991,-170.528,-26.8892,-17.0528,100
1.599,0.996,-170.552,-26.6159,-16.5152,100
1.603,0.991,-170.54,-26.6173,-17.1642,100
1.602,0.997,-170.53,-26.9787,-16.5013,100
1.603,0.995,-170.536,-26.8894,-17.041,100
1.6,0.999,-170.527,-27.1681,-16.6955,100
1.604,0.998,-170.533,-26.7695,-17.0432,100
1.606,0.994,-170.516,-26.955,-17.2336,100
1.609,0.997,-170.514,-26.9485,-16.8134,100
1.612,0.995,-170.534,-27.0088,-17.1531,100
1.611,0.999,-170.528,-27.3037,-16.8076,100
1.617,1.004,-170.538,-26.9214,-16.8035,100
1.613,1.001,-170.526,-27.5924,-17.3353,100
1.614,1,-170.535,-27.3033,-17.2165,100
1.611,0.998,-170.548,-27.5823,-17.2896,100
1.617,1,-170.524,-27.0666,-17.0615,100
1.616,0.999,-170.555,-27.5617,-17.2759,100
1.611,0.999,-170.528,-27.8246,-17.2318,100
1.616,1.003,-170.566,-27.2343,-17.0197,100
1.616,0.999,-170.546,-27.604,-17.5435,100
1.619,0.999,-170.555,-27.4644,-17.2993,100
1.619,0.997,-170.557,-27.7008,-17.439,100
1.615,0.998,-170.554,-27.9718,-17.2695,100
1.617,1,-170.534,-27.6242,-17.2413,100
1.615,1.002,-170.563,-27.9112,-17.2799,100
1.614,1.003,-170.547,-27.8729,-17.3771,100
1.614,1.001,-170.519,-27.8425,-17.5836,100
1.615,1.003,-170.554,-27.8202,-17.3555,100
1.616,1,-170.525,-27.8613,-17.6874,100
1.618,1.004,-170.546,-27.8107,-17.2753,100
1.617,1,-170.538,-28.0027,-17.7991,100
1.619,1.005,-170.54,-27.8187,-17.2617,100
1.615,1.002,-170.556,-28.1867,-17.7936,100
1.61,1.001,-170.531,-28.2133,-17.6748,100
1.608,1.001,-170.579,-27.9973,-17.6307,100
1.61,0.997,-170.558,-27.7467,-17.8878,100
1.608,0.999,-170.591,-27.9973,-17.5262,100
1.608,0.993,-170.595,-27.864,-18.0339,100
1.604,0.997,-170.611,-28.0987,-17.4217,100
1.605,0.996,-170.637,-27.7733,-17.7694,100
1.599,0.997,-170.635,-28.192,-17.6665,100
1.601,0.996,-170.641,-27.6747,-17.8143,100
1.601,0.994,-170.651,-27.808,-17.8873,100
1.601,0.993,-170.655,-27.808,-17.835,100
1.604,0.994,-170.66,-27.632,-17.732,100
1.603,0.993,-170.633,-27.8907,-17.8797,100
1.606,0.996,-170.644,-27.648,-17.6594,100
1.602,0.994,-170.643,-28.0827,-17.9991,100
1.604,0.997,-170.639,-27.6987,-17.7122,100
1.602,0.994,-170.653,-27.9493,-18.1106,100
1.607,0.992,-170.625,-27.5227,-18.0502,100
1.61,0.995,-170.661,-27.68,-17.7633,100
1.613,0.993,-170.612,-27.704,-18.103,100
1.61,0.998,-170.631,-28.08,-17.6988,100
1.612,0.992,-170.613,-27.7627,-18.4064,100
1.613,0.998,-170.616,-27.8373,-17.6769,100
1.614,0.995,-170.623,-27.8453,-18.2753,100
1.615,0.996,-170.617,-27.8533,-18.039,100
1.617,0.996,-170.605,-27.8027,-18.1281,100
1.616,0.994,-170.643,-27.9947,-18.2678,100
1.616,0.994,-170.615,-27.928,-18.1568,100
1.618,0.996,-170.62,-27.8107,-18.0619,100
1.625,1,-170.646,-27.5333,-17.9831,100
1.624,0.993,-170.619,-28.0587,-18.6827,100
1.63,0.997,-170.629,-27.64,-18.0038,100
1.625,0.997,-170.628,-28.3333,-18.2929,100
1.632,1.002,-170.61,-27.5893,-18.0221,100
1.629,1.003,-170.641,-28.232,-18.3194,100
1.636,1,-170.607,-27.6213,-18.5845,100
1.636,1.002,-170.621,-28.088,-18.2897,100
1.632,1.006,-170.644,-28.3227,-18.2111,100
1.632,0.998,-170.622,-28.056,-18.9695,100
1.628,1.005,-170.641,-28.2907,-18.0481,100
1.63,1.002,-170.649,-27.9067,-18.7133,100
1.627,0.998,-170.649,-28.216,-18.7705,100
1.625,0.997,-170.644,-28.1333,-18.5849,100
1.622,0.994,-170.676,-28.176,-18.7166,100
1.625,0.995,-170.656,-27.8,-18.4803,100
1.622,0.999,-170.688,-28.176,-18.3348,100
1.621,0.996,-170.655,-28.0347,-18.7999,100
1.618,1,-170.672,-28.144,-18.3877,100
1.62,0.998,-170.668,-27.8267,-18.7941,100
1.618,0.999,-170.664,-28.0773,-18.6246,100
1.62,0.997,-170.667,-27.8267,-18.8311,100
1.618,0.995,-170.665,-28.0773,-18.8374,100
1.617,0.994,-170.681,-28.0027,-18.7851,100
1.615,0.994,-170.686,-28.0533,-18.7408,100
1.611,0.993,-170.664,-28.1547,-18.8218,100
1.61,0.992,-170.68,-27.9467,-18.8362,100
1.608,0.99,-170.676,-27.9973,-18.9091,100
1.611,0.993,-170.692,-27.688,-18.6221,100
1.606,0.991,-170.71,-28.1813,-18.9618,100
1.61,0.991,-170.696,-27.6133,-18.8507,100
1.607,0.994,-170.739,-28.056,-18.6971,100
1.605,0.991,-170.712,-27.9733,-19.0954,100
1.601,0.993,-170.741,-28.0747,-18.8004,100
1.601,0.986,-170.734,-27.808,-19.3666,100
1.601,0.987,-170.755,-27.808,-18.8634,100
1.604,0.984,-170.765,-27.632,-19.1283,100
1.605,0.986,-170.766,-27.7733,-18.8331,100
1.607,0.988,-170.798,-27.7227,-18.8713,100
1.607,0.99,-170.788,-27.856,-18.9096,100
1.606,0.993,-170.783,-27.9147,-18.8893,100
1.608,0.991,-170.776,-27.7307,-19.2289,100
1.605,0.99,-170.772,-28.04,-19.1765,100
1.612,0.991,-170.778,-27.4293,-19.0735,100
1.611,0.99,-170.761,-27.9547,-19.2211,100
1.61,0.991,-170.745,-27.9467,-19.1181,100
1.606,0.989,-170.764,-28.1147,-19.3243,100
1.608,0.986,-170.742,-27.7307,-19.3892,100
1.608,0.989,-170.726,-27.864,-19.0354,100
1.614,0.99,-170.747,-27.512,-19.199,100
1.614,0.988,-170.726,-27.912,-19.4053,100
1.61,0.99,-170.731,-28.1467,-19.1769,100
1.614,0.994,-170.745,-27.6453,-19.0979,100
1.611,0.999,-170.734,-28.088,-19.0937,100
1.613,0.997,-170.728,-27.7707,-19.5668,100
1.612,0.996,-170.752,-27.9627,-19.5145,100
1.615,0.994,-170.733,-27.72,-19.5876,100
1.616,0.997,-170.758,-27.8613,-19.3007,100
1.616,0.991,-170.732,-27.928,-19.875,100
1.619,0.998,-170.757,-27.752,-19.0868,100
1.619,0.993,-170.761,-27.952,-19.8691,100
1.621,0.996,-170.755,-27.8347,-19.3822,100
1.624,0.998,-170.756,-27.792,-19.4873,100
1.622,0.999,-170.769,-28.1093,-19.5845,100
1.622,1.001,-170.767,-27.976,-19.5563,100
1.622,1.003,-170.784,-27.976,-19.5949,100
1.62,0.996,-170.753,-28.0933,-20.1613,100
1.624,0.997,-170.759,-27.7253,-19.6584,100
1.622,0.994,-170.758,-28.1093,-19.9234,100
1.626,0.998,-170.745,-27.7413,-19.5112,100
1.622,1.002,-170.769,-28.2427,-19.5657,100
1.623,1,-170.741,-27.9173,-19.9722,100
1.619,1.005,-170.777,-28.2187,-19.5682,100
1.62,0.998,-170.751,-27.8933,-20.3346,100
1.617,1.002,-170.767,-28.136,-19.6559,100
1.621,1,-170.773,-27.7013,-20.0624,100
1.618,0.997,-170.773,-28.144,-20.1275,100
1.621,0.995,-170.764,-27.768,-20.0672,100
1.62,0.996,-170.777,-28.0267,-19.8976,100
1.617,0.996,-170.773,-28.136,-19.9867,100
1.616,0.999,-170.796,-27.9947,-19.8331,100
1.619,0.999,-170.798,-27.752,-20.0556,100
1.615,0.997,-170.782,-28.1867,-20.1954,100
1.624,0.998,-170.788,-27.392,-20.0258,100
1.622,0.996,-170.785,-28.1093,-20.2323,100
1.63,1,-170.772,-27.5067,-19.8868,100
1.629,1.001,-170.773,-28.0987,-20.1173,100
1.629,1.002,-170.746,-28.032,-20.1478,100
1.628,1.004,-170.771,-28.0907,-20.1197,100
1.625,1,-170.74,-28.2,-20.5102,100
1.628,1.005,-170.75,-27.824,-19.9729,100
1.63,0.999,-170.749,-27.9067,-20.6807,100
1.634,1.001,-170.726,-27.8053,-20.1859,100
1.629,1.005,-170.75,-28.3653,-20.1071,100
1.633,1.004,-170.726,-27.7973,-20.4551,100
1.636,1.006,-170.71,-27.888,-20.2937,100
1.634,1.011,-170.734,-28.2053,-20.1564,100
1.634,1.005,-170.713,-28.072,-20.8644,100
1.634,1.004,-170.707,-28.072,-20.5456,100
1.638,1.011,-170.709,-27.8373,-20.0911,100
1.636,1.009,-170.712,-28.2213,-20.6978,100
1.632,1.007,-170.697,-28.3227,-20.7044,100
1.63,1.006,-170.721,-28.1733,-20.6524,100
1.633,1.003,-170.692,-27.864,-20.7843,100
1.632,1.004,-170.729,-28.1227,-20.5482,100
1.633,0.998,-170.717,-27.9973,-20.9893,100
1.631,1.005,-170.724,-28.1813,-20.2013,100
1.628,1.001,-170.74,-28.224,-20.9251,100
1.627,1.003,-170.729,-28.0827,-20.5637,100
1.625,1.005,-170.743,-28.1333,-20.6023,100
1.626,1.001,-170.72,-27.9413,-20.9928,100
1.624,1.001,-170.729,-28.1253,-20.7487,100
1.629,0.999,-170.742,-27.6987,-20.8885,100
1.625,1,-170.741,-28.2667,-20.719,100
1.627,1.001,-170.743,-27.8827,-20.7495,100
1.621,1.001,-170.75,-28.368,-20.8387,100
1.628,1,-170.765,-27.5573,-20.9199,100
1.629,0.999,-170.73,-27.9653,-20.9344,100
1.626,1,-170.747,-28.208,-20.8315,100
1.633,1.001,-170.758,-27.5973,-20.862,100
1.633,0.998,-170.748,-28.064,-21.1272,100
1.635,1.004,-170.742,-27.9467,-20.5978,100
1.633,0.999,-170.736,-28.1973,-21.3136,100
1.636,0.999,-170.727,-27.888,-21.0027,100
1.636,1.001,-170.756,-28.088,-20.9079,100
1.636,0.999,-170.729,-28.088,-21.181,100
1.64,0.999,-170.759,-27.8533,-21.0702,100
1.642,0.997,-170.744,-28.0027,-21.21,100
1.636,0.995,-170.766,-28.488,-21.2163,100
1.64,0.997,-170.745,-27.8533,-20.9881,100
1.637,0.998,-170.772,-28.296,-21.0852,100
1.639,1.002,-170.746,-27.9787,-20.9398,100
1.63,0.996,-170.78,-28.64,-21.5809,100
1.632,0.996,-170.77,-27.9227,-21.2033,100
1.631,0.998,-170.799,-28.1147,-21.1084,100
1.629,0.992,-170.823,-28.1653,-21.616,100
1.629,1,-170.827,-28.032,-20.7692,100
1.629,0.987,-170.849,-28.032,-22.0874,100
1.624,0.994,-170.848,-28.3253,-20.8324,100
1.625,0.989,-170.88,-27.9333,-21.6147,100
1.619,0.993,-170.885,-28.352,-21.069,100
1.615,0.986,-170.9,-28.1867,-21.7686,100
1.619,0.989,-170.917,-27.6853,-21.1481,100
1.617,0.985,-170.944,-28.0693,-21.605,100
1.628,0.982,-170.956,-27.2907,-21.5364,100
1.622,0.98,-170.992,-28.376,-21.4758,100
1.628,0.988,-170.986,-27.624,-20.8953,100
1.619,0.982,-171.02,-28.552,-21.8028,100
1.626,0.98,-171.033,-27.5413,-21.5422,100
1.612,0.971,-171.042,-28.8293,-21.9587,100
1.619,0.963,-171.056,-27.4853,-21.8497,100
1.633,0.968,-171.066,-27.1307,-21.0448,100
1.626,0.964,-171.098,-28.4747,-21.6345,100
1.632,0.965,-171.103,-27.656,-21.3309,100
1.65,0.977,-171.104,-27,-20.7155,100
1.658,0.977,-171.105,-27.7307,-21.5375,100
1.662,0.981,-171.074,-28.0293,-21.3249,100
1.683,0.988,-171,-27.064,-21.2031,100
1.687,0.988,-170.969,-28.2293,-21.692,100
1.694,0.995,-170.905,-28.0853,-21.3037,100
1.704,0.996,-170.838,-27.9653,-21.7342,100
1.722,1.01,-170.78,-27.576,-21.0022,100
1.75,1.022,-170.677,-27.1333,-21.2545,100
1.759,1.03,-170.619,-28.472,-21.6084,100
1.792,1.053,-170.453,-27.136,-20.8161,100
1.819,1.077,-170.228,-27.752,-20.9656,100
1.846,1.088,-170.088,-27.968,-21.9448,100
1.867,1.102,-169.902,-28.536,-21.8816,100
1.885,1.118,-169.74,-28.88,-21.9014,100
1.917,1.146,-169.431,-28.2027,-21.3512,100
1.929,1.149,-169.112,-29.632,-23.0677,100
1.933,1.147,-168.952,-30.1973,-23.4108,100
1.917,1.14,-168.651,-31.4027,-23.7138,100
1.887,1.126,-168.408,-32.096,-24.0938,100
1.857,1.109,-168.312,-31.856,-24.1828,100
1.818,1.081,-168.224,-32.144,-24.7164,100
1.778,1.062,-168.291,-31.8907,-23.9883,100
1.789,1.077,-168.363,-28.5787,-21.8659,100
1.795,1.105,-168.527,-28.96,-21.2481,100
1.799,1.105,-168.747,-29.1253,-23.1396,100
1.778,1.103,-168.861,-30.624,-23.2818,100
1.764,1.081,-169.095,-30.0453,-24.4634,100
1.743,1.071,-169.293,-30.344,-23.6075,100
1.733,1.063,-169.394,-29.5307,-23.4341,100
1.708,1.057,-169.498,-30.3307,-23.2766,100
1.672,1.035,-169.512,-30.776,-24.1905,100
1.661,1.027,-169.499,-29.0213,-23.2163,100
1.628,1.001,-169.425,-30.224,-24.2308,100
1.63,1.005,-169.343,-27.9067,-22.2854,100
1.608,1.01,-169.303,-29.3307,-22.2815,100
1.616,1.022,-169.253,-27.3947,-21.9338,100
1.597,1.033,-169.199,-29.0427,-22.1117,100
1.616,1.038,-169.179,-26.6613,-22.5751,100
1.593,1.049,-169.141,-29.2773,-22.2867,100
1.598,1.04,-169.116,-27.4507,-23.5714,100
1.589,1.04,-169.093,-28.312,-22.9948,100
1.602,1.011,-169.07,-26.9493,-24.7189,100
1.608,0.996,-169.052,-27.464,-23.688,100
1.612,1.005,-169.034,-27.6293,-22.1826,100
1.612,1.024,-169.006,-27.896,-21.691,100
1.594,1.025,-168.992,-28.952,-22.922,100
1.609,1.02,-168.984,-26.872,-23.305,100
1.602,1.014,-168.964,-28.2827,-23.3465,100
1.618,1.01,-168.959,-26.8773,-23.2038,100
1.604,1.017,-168.969,-28.7653,-22.5494,100
1.624,1.015,-168.956,-26.6587,-23.1562,100
1.617,1.011,-168.935,-28.4027,-23.2803,100
1.621,1.004,-168.93,-27.7013,-23.4469,100
1.608,1.01,-168.911,-28.7307,-22.651,100
1.616,1.011,-168.884,-27.3947,-23.015,100
1.613,1.011,-168.887,-28.104,-23.088,100
1.619,1.01,-168.859,-27.552,-23.1467,100
1.628,1.021,-168.827,-27.424,-22.4347,100
1.625,1.018,-168.804,-28.2,-23.344,100
1.625,1.018,-168.784,-28,-23.144,100
1.615,1.018,-168.767,-28.5867,-23.144,100
1.617,1.022,-168.752,-27.8027,-22.9093,100
1.622,1.022,-168.767,-27.6427,-23.176,100
1.632,1.014,-168.759,-27.3893,-23.6453,100
1.624,1.003,-168.79,-28.5253,-23.7573,100
1.622,1.011,-168.789,-28.1093,-22.5547,100
1.614,1.016,-168.815,-28.4453,-22.7947,100
1.619,1.019,-168.829,-27.6187,-22.952,100
1.617,1.013,-168.85,-28.0693,-23.504,100
1.631,1.011,-168.886,-27.1147,-23.2213,100
1.624,1.017,-168.904,-28.4587,-22.736,100
1.634,1.023,-168.918,-27.4053,-22.784,100
1.614,1.023,-168.942,-29.2453,-23.184,100
1.631,1.015,-168.954,-26.9147,-23.6533,100
1.619,1.018,-168.965,-28.752,-22.944,100
1.626,1.019,-168.962,-27.5413,-23.0853,100
1.61,1.025,-168.985,-28.9467,-22.8,100
1.625,1.012,-168.993,-27,-23.9627,100
1.625,1.014,-168.99,-28,-22.9787,100
1.623,1.01,-168.993,-28.1173,-23.3467,100
1.628,1.012,-168.995,-27.6907,-22.9627,100
1.622,1.014,-168.997,-28.376,-22.9787,100
1.623,1.015,-169,-27.9173,-23.0533,100
1.621,1.018,-169.02,-28.1013,-22.944,100
1.632,1.005,-169.036,-27.3227,-23.9067,100
1.628,1.01,-169.028,-28.2907,-22.7467,100
1.64,1.004,-169.044,-27.32,-23.432,100
1.634,1.005,-169.054,-28.472,-22.9733,100
1.638,1.005,-169.074,-27.8373,-23.04,100
1.64,1.004,-169.096,-27.9867,-23.0987,100
1.648,1.008,-169.16,-27.6507,-22.7973,100
1.654,1.015,-169.206,-27.832,-22.6533,100
1.653,1.007,-169.25,-28.2907,-23.5893,100
1.664,1.01,-169.268,-27.5787,-22.88,100
1.671,1.01,-169.327,-27.9013,-23.08,100
1.674,1.017,-169.378,-28.192,-22.6693,100
1.684,1.007,-169.429,-27.8053,-23.7227,100
1.691,1.008,-169.508,-28.0613,-22.9973,100
1.7,1.015,-169.579,-28,-22.6533,100
1.707,1.014,-169.636,-28.1893,-23.1787,100
1.718,1.016,-169.688,-28.0107,-22.9947,100
1.708,1.017,-169.724,-29.3307,-23.0693,100
1.713,1.015,-169.743,-28.3707,-23.2533,100
1.712,1.008,-169.77,-28.7627,-23.5307,100
1.71,1.007,-169.786,-28.8133,-23.1227,100
1.707,1.013,-169.832,-28.856,-22.704,100
1.708,1.019,-169.876,-28.5973,-22.752,100
1.709,1.012,-169.915,-28.6053,-23.5627,100
1.706,1.019,-169.967,-28.848,-22.6853,100
1.707,1.01,-170.03,-28.5893,-23.68,100
1.709,0.998,-170.06,-28.5387,-23.784,100
1.705,1.008,-170.077,-28.9067,-22.3973,100
1.7,1.008,-170.074,-28.9333,-23.064,100
1.702,1.003,-170.055,-28.4827,-23.3573,100
1.707,1.002,-170.05,-28.3227,-23.0827,100
1.708,1.007,-170.031,-28.5973,-22.7227,100
1.703,1.011,-170.021,-28.9573,-22.8213,100
1.699,1.001,-170.011,-28.8587,-23.6747,100
1.699,0.994,-169.987,-28.592,-23.4187,100
1.7,0.992,-169.987,-28.5333,-23.0693,100
1.697,0.998,-169.964,-28.776,-22.584,100
1.7,1.001,-169.96,-28.4,-22.808,100
1.692,0.998,-169.959,-29.0693,-23.184,100
1.692,0.996,-169.958,-28.536,-23.1013,100
1.69,0.989,-169.949,-28.6533,-23.3787,100
1.69,0.994,-169.957,-28.52,-22.6187,100
1.688,0.99,-169.956,-28.6373,-23.1867,100
1.687,0.994,-169.956,-28.5627,-22.6853,100
1.684,0.987,-169.956,-28.672,-23.3627,100
1.682,0.991,-169.965,-28.5893,-22.6613,100
1.687,0.986,-169.973,-28.1627,-23.2213,100
1.681,0.991,-169.979,-28.848,-22.5947,100
1.686,0.984,-170.007,-28.1547,-23.3387,100
1.679,0.98,-170.039,-28.8987,-23.1067,100
1.69,0.983,-170.029,-27.7867,-22.664,100
1.689,0.986,-170.053,-28.5787,-22.688,100
1.693,0.99,-170.071,-28.2773,-22.6533,100
1.692,0.989,-170.078,-28.6027,-22.9787,100
1.696,0.991,-170.081,-28.3013,-22.7947,100
1.696,0.984,-170.093,-28.568,-23.3387,100
1.699,0.988,-170.088,-28.392,-22.6373,100
1.702,0.987,-170.08,-28.416,-22.9627,100
1.7,0.985,-170.083,-28.7333,-23.0133,100
1.699,0.98,-170.097,-28.6587,-23.1733,100
1.699,0.984,-170.098,-28.592,-22.6053,100
1.705,0.99,-170.103,-28.24,-22.52,100
1.701,0.993,-170.106,-28.8747,-22.744,100
1.701,0.984,-170.114,-28.608,-23.472,100
1.695,0.981,-170.101,-28.96,-23.048,100
1.688,0.986,-170.099,-28.9707,-22.5547,100
1.681,0.978,-170.09,-28.9147,-23.3573,100
1.673,0.98,-170.065,-28.9173,-22.7067,100
1.67,0.983,-170.039,-28.56,-22.664,100
1.661,0.983,-170.032,-28.888,-22.864,100
1.66,0.974,-170.019,-28.3467,-23.392,100
1.656,0.972,-170.003,-28.5147,-22.9093,100
1.647,0.971,-170.002,-28.776,-22.8347,100
1.648,0.969,-169.99,-28.1173,-22.8853,100
1.641,0.97,-169.989,-28.5947,-22.6933,100
1.639,0.962,-169.99,-28.2453,-23.2293,100
1.637,0.97,-169.976,-28.2293,-22.2267,100
1.631,0.965,-169.975,-28.448,-23.0533,100
1.616,0.967,-169.974,-28.928,-22.6027,100
1.62,0.957,-169.982,-27.6933,-23.3227,100
1.607,0.965,-169.971,-28.7227,-22.1867,100
1.614,0.962,-169.97,-27.4453,-22.896,100
1.601,0.967,-169.974,-28.6747,-22.4027,100
1.611,0.964,-169.963,-27.2213,-22.912,100
1.602,0.969,-169.958,-28.416,-22.4187,100
1.605,0.962,-169.959,-27.64,-23.1627,100
1.591,0.96,-169.974,-28.6613,-22.8133,100
1.592,0.962,-169.982,-27.6693,-22.5627,100
1.586,0.964,-170.002,-28.088,-22.5787,100
1.585,0.955,-170.023,-27.7467,-23.24,100
1.592,0.958,-170.028,-27.2693,-22.464,100
1.586,0.96,-170.021,-28.088,-22.5467,100
1.59,0.964,-170.009,-27.4533,-22.4453,100
1.576,0.962,-169.985,-28.5413,-22.8293,100
1.589,0.962,-169.972,-26.8453,-22.696,100
1.576,0.969,-169.935,-28.4747,-22.2853,100
1.585,0.964,-169.907,-27.08,-23.0453,100
1.576,0.971,-169.87,-28.208,-22.3013,100
1.585,0.962,-169.846,-27.08,-23.296,100
1.579,0.966,-169.829,-28.032,-22.4613,100
1.585,0.962,-169.829,-27.28,-22.9627,100
1.579,0.961,-169.813,-28.032,-22.7547,100
1.575,0.96,-169.81,-27.8667,-22.7467,100
1.58,0.962,-169.813,-27.3067,-22.5627,100
1.577,0.964,-169.808,-27.816,-22.5787,100
1.59,0.956,-169.816,-26.8533,-23.1813,100
1.576,0.96,-169.818,-28.5413,-22.4133,100
1.587,0.962,-169.823,-26.9627,-22.5627,100
1.575,0.969,-169.821,-28.4,-22.2853,100
1.575,0.97,-169.812,-27.6,-22.6933,100
1.574,0.974,-169.816,-27.6587,-22.5253,100
1.585,0.967,-169.795,-26.9467,-23.2027,100
1.585,0.961,-169.777,-27.68,-23.088,100
1.584,0.966,-169.769,-27.7387,-22.3947,100
1.585,0.971,-169.755,-27.6133,-22.4347,100
1.586,0.967,-169.741,-27.6213,-23.0027,100
1.581,0.974,-169.745,-27.9813,-22.3253,100
1.575,0.976,-169.742,-28,-22.6747,100
1.579,0.967,-169.733,-27.3653,-23.336,100
1.582,0.963,-169.741,-27.456,-22.9707,100
1.593,0.958,-169.739,-27.0107,-22.9973,100
1.583,0.968,-169.747,-28.3307,-22.0773,100
1.588,0.965,-169.76,-27.3707,-22.92,100
1.588,0.967,-169.771,-27.704,-22.6027,100
1.597,0.971,-169.782,-27.176,-22.5013,100
1.604,0.967,-169.8,-27.3653,-23.0027,100
1.595,0.964,-169.808,-28.36,-22.912,100
1.602,0.962,-169.816,-27.3493,-22.8293,100
1.596,0.971,-169.823,-28.168,-22.168,100
1.604,0.965,-169.838,-27.2987,-23.12,100
1.599,0.968,-169.838,-28.1253,-22.544,100
1.611,0.97,-169.827,-27.088,-22.6267,100
1.6,0.969,-169.829,-28.5333,-22.8187,100
1.61,0.963,-169.827,-27.2133,-23.104,100
1.61,0.965,-169.816,-27.88,-22.5867,100
1.612,0.963,-169.821,-27.7627,-22.8373,100
1.605,0.965,-169.823,-28.3067,-22.5867,100
1.609,0.968,-169.818,-27.6053,-22.544,100
1.611,0.968,-169.805,-27.7547,-22.744,100
1.611,0.966,-169.815,-27.888,-22.8613,100
1.617,0.961,-169.818,-27.536,-23.0213,100
1.615,0.965,-169.811,-28.0533,-22.4533,100
1.616,0.963,-169.813,-27.8613,-22.8373,100
1.612,0.962,-169.817,-28.1627,-22.7627,100
1.623,0.964,-169.807,-27.2507,-22.5787,100
1.618,0.97,-169.805,-28.2773,-22.36,100
1.625,0.968,-169.818,-27.5333,-22.8773,100
1.617,0.968,-169.818,-28.4693,-22.744,100
1.623,0.968,-169.82,-27.584,-22.744,100
1.618,0.969,-169.823,-28.2773,-22.6853,100
1.625,0.967,-169.835,-27.5333,-22.8693,100
1.617,0.972,-169.829,-28.4693,-22.4427,100
1.619,0.972,-169.821,-27.8187,-22.776,100
1.614,0.964,-169.836,-28.2453,-23.2453,100
1.617,0.971,-169.825,-27.736,-22.3013,100
1.624,0.968,-169.825,-27.5253,-22.944,100
1.617,0.974,-169.831,-28.4027,-22.392,100
1.621,0.968,-169.832,-27.7013,-23.144,100
1.614,0.97,-169.834,-28.3787,-22.6267,100
1.621,0.967,-169.822,-27.5013,-22.936,100
1.613,0.968,-169.821,-28.4373,-22.6773,100
1.617,0.966,-169.817,-27.6693,-22.8613,100
1.612,0.97,-169.806,-28.2293,-22.4933,100
1.617,0.968,-169.814,-27.6027,-22.8773,100
1.612,0.97,-169.821,-28.2293,-22.6267,100
1.622,0.968,-169.809,-27.3093,-22.8773,100
1.613,0.969,-169.827,-28.504,-22.6853,100
1.61,0.966,-169.841,-28.08,-22.928,100
1.61,0.968,-169.852,-27.88,-22.6107,100
1.611,0.967,-169.847,-27.8213,-22.8027,100
1.623,0.97,-169.853,-27.184,-22.56,100
1.614,0.971,-169.854,-28.512,-22.7013,100
1.616,0.972,-169.858,-27.7947,-22.7093,100
1.612,0.968,-169.865,-28.1627,-23.0107,100
1.619,0.973,-169.862,-27.4853,-22.4507,100
1.62,0.971,-169.849,-27.8933,-22.9013,100
1.616,0.972,-169.865,-28.1947,-22.7093,100
1.618,0.975,-169.861,-27.8107,-22.6,100
1.614,0.973,-169.856,-28.1787,-22.9173,100
1.615,0.966,-169.861,-27.8533,-23.1947,100
1.611,0.97,-169.869,-28.1547,-22.4933,100
1.621,0.962,-169.874,-27.3013,-23.2293,100
1.611,0.965,-169.873,-28.5547,-22.52,100
1.62,0.963,-169.882,-27.36,-22.8373,100
1.613,0.963,-169.881,-28.3707,-22.704,100
1.623,0.967,-169.877,-27.3173,-22.4693,100
1.618,0.964,-169.882,-28.2773,-22.912,100
1.62,0.968,-169.902,-27.8267,-22.4773,100
1.618,0.968,-169.889,-28.0773,-22.744,100
1.621,0.967,-169.895,-27.768,-22.8027,100
1.625,0.964,-169.899,-27.7333,-22.912,100
1.628,0.974,-169.894,-27.824,-22.1253,100
1.628,0.967,-169.892,-28.024,-23.2027,100
1.623,0.974,-169.895,-28.3173,-22.3253,100
1.627,0.968,-169.9,-27.7493,-23.144,100
1.625,0.972,-169.893,-28.1333,-22.5093,100
1.634,0.974,-169.888,-27.472,-22.6587,100
1.625,0.976,-169.899,-28.6,-22.6747,100
1.635,0.972,-169.895,-27.4133,-23.0427,100
1.633,0.976,-169.888,-28.1973,-22.5413,100
1.631,0.967,-169.889,-28.1813,-23.336,100
1.642,0.972,-169.89,-27.4027,-22.4427,100
1.63,0.972,-169.902,-28.84,-22.776,100
1.634,0.98,-169.896,-27.8053,-22.3067,100
1.637,0.977,-169.903,-27.896,-23.016,100
1.631,0.968,-169.913,-28.448,-23.344,100
1.64,0.972,-169.925,-27.52,-22.5093,100
1.633,0.975,-169.947,-28.5307,-22.6,100
1.638,0.976,-169.963,-27.7707,-22.7413,100
1.634,0.973,-169.958,-28.3387,-22.984,100
1.634,0.972,-169.98,-28.072,-22.8427,100
1.638,0.979,-169.984,-27.8373,-22.3653,100
1.637,0.972,-169.993,-28.1627,-23.2427,100
1.643,0.981,-169.987,-27.744,-22.248,100
1.637,0.977,-169.999,-28.496,-23.0827,100
1.63,0.976,-170.009,-28.5067,-22.8747,100
1.634,0.973,-170.002,-27.8053,-22.984,100
1.631,0.974,-169.998,-28.248,-22.7253,100
1.635,0.974,-169.998,-27.8133,-22.792,100
1.628,0.977,-170.013,-28.4907,-22.616,100
1.634,0.973,-170.006,-27.672,-23.0507,100
1.625,0.974,-170.001,-28.6,-22.7253,100
1.627,0.969,-170.01,-27.8827,-23.0853,100
1.62,0.968,-169.996,-28.4267,-22.8107,100
1.623,0.97,-169.992,-27.784,-22.6267,100
1.611,0.972,-170.002,-28.688,-22.6427,100
1.615,0.965,-169.997,-27.6533,-23.1867,100
1.61,0.962,-169.985,-28.2133,-22.896,100
1.613,0.962,-169.989,-27.704,-22.696,100
1.604,0.967,-169.983,-28.432,-22.4027,100
1.6,0.965,-169.978,-28.0667,-22.8533,100
1.599,0.969,-169.973,-27.8587,-22.4853,100
1.597,0.967,-169.974,-27.9093,-22.8693,100
1.605,0.97,-169.972,-27.3067,-22.56,100
1.6,0.96,-169.981,-28.1333,-23.3467,100
1.587,0.971,-169.977,-28.5627,-22.0347,100
1.59,0.966,-169.987,-27.52,-23.0613,100
1.587,0.969,-169.976,-27.896,-22.552,100
1.59,0.965,-169.985,-27.52,-22.9867,100
1.591,0.966,-169.991,-27.6613,-22.6613,100
1.591,0.964,-169.998,-27.728,-22.8453,100
1.587,0.964,-169.999,-27.9627,-22.712,100
1.576,0.962,-170.006,-28.3413,-22.8293,100
1.584,0.961,-170.016,-27.1387,-22.7547,100
1.577,0.968,-170.024,-28.0827,-22.2773,100
1.59,0.96,-170.044,-26.8533,-23.2133,100
1.575,0.96,-170.055,-28.6,-22.68,100
1.588,0.959,-170.076,-26.8373,-22.7387,100
1.576,0.962,-170.08,-28.408,-22.496,100
1.589,0.956,-170.101,-26.8453,-23.048,100
1.578,0.964,-170.099,-28.3573,-22.1787,100
1.586,0.964,-170.091,-27.1547,-22.712,100
1.577,0.961,-170.09,-28.216,-22.888,100
1.586,0.963,-170.091,-27.088,-22.5707,100
1.594,0.96,-170.081,-27.2187,-22.88,100
1.593,0.967,-170.073,-27.8107,-22.2693,100
1.596,0.965,-170.072,-27.568,-22.8533,100
1.588,0.972,-170.062,-28.2373,-22.3093,100
1.6,0.969,-170.044,-27,-22.952,100
1.591,0.973,-170.042,-28.328,-22.5173,100
1.603,0.969,-170.041,-27.024,-23.0187,100
1.597,0.972,-170.038,-28.176,-22.576,100
1.603,0.963,-170.04,-27.424,-23.304,100
1.598,0.968,-170.053,-28.1173,-22.4107,100
1.611,0.966,-170.057,-27.0213,-22.8613,100
1.602,0.964,-170.064,-28.416,-22.8453,100
1.601,0.966,-170.075,-27.8747,-22.5947,100
1.598,0.964,-170.085,-27.984,-22.8453,100
1.602,0.965,-170.088,-27.5493,-22.6533,100
1.606,0.956,-170.083,-27.5813,-23.248,100
1.602,0.957,-170.085,-28.0827,-22.5893,100
1.606,0.954,-170.086,-27.5813,-22.832,100
1.602,0.96,-170.079,-28.0827,-22.28,100
1.596,0.97,-170.081,-28.168,-22.0933,100
1.596,0.96,-170.075,-27.768,-23.3467,100
1.607,0.956,-170.076,-27.1227,-22.9147,100
1.608,0.963,-170.054,-27.7973,-22.2373,100
1.608,0.959,-170.069,-27.864,-22.9387,100
1.601,0.961,-170.068,-28.2747,-22.5547,100
1.602,0.965,-170.053,-27.7493,-22.4533,100
1.606,0.958,-170.061,-27.5813,-23.1307,100
1.599,0.963,-170.048,-28.2587,-22.3707,100
1.6,0.962,-170.05,-27.7333,-22.7627,100
1.607,0.957,-170.048,-27.3893,-22.9893,100
1.597,0.955,-170.053,-28.4427,-22.7733,100
1.609,0.954,-170.043,-27.072,-22.6987,100
1.6,0.962,-170.05,-28.4,-22.1627,100
1.606,0.962,-170.062,-27.448,-22.696,100
1.599,0.96,-170.063,-28.2587,-22.8133,100
1.606,0.961,-170.067,-27.3813,-22.6213,100
1.607,0.966,-170.076,-27.7893,-22.3947,100
1.611,0.967,-170.085,-27.6213,-22.6693,100
1.604,0.963,-170.089,-28.2987,-22.9707,100
1.6,0.966,-170.091,-28.0667,-22.528,100
1.6,0.96,-170.108,-27.8,-23.08,100
1.597,0.967,-170.108,-27.976,-22.2693,100
1.608,0.961,-170.106,-27.1307,-23.088,100
1.597,0.968,-170.12,-28.5093,-22.2773,100
1.603,0.961,-170.125,-27.424,-23.1547,100
1.597,0.967,-170.125,-28.176,-22.336,100
1.597,0.965,-170.112,-27.776,-22.8533,100
1.594,0.963,-170.122,-27.952,-22.8373,100
1.603,0.96,-170.125,-27.224,-22.88,100
1.608,0.962,-170.114,-27.5307,-22.5627,100
1.594,0.958,-170.127,-28.6853,-22.9307,100
1.604,0.958,-170.121,-27.1653,-22.664,100
1.599,0.957,-170.137,-28.1253,-22.7227,100
1.607,0.96,-170.124,-27.3227,-22.48,100
1.606,0.964,-170.137,-27.9147,-22.4453,100
1.599,0.965,-170.124,-28.2587,-22.6533,100
1.608,0.96,-170.134,-27.264,-23.0133,100
1.601,0.961,-170.138,-28.2747,-22.6213,100
1.609,0.963,-170.144,-27.3387,-22.5707,100
1.602,0.964,-170.144,-28.2827,-22.6453,100
1.605,0.969,-170.145,-27.64,-22.4187,100
1.605,0.962,-170.15,-27.84,-23.1627,100
1.607,0.968,-170.15,-27.7227,-22.344,100
1.613,0.962,-170.152,-27.504,-23.096,100
1.603,0.963,-170.176,-28.4907,-22.6373,100
1.605,0.959,-170.175,-27.7067,-22.9387,100
1.604,0.961,-170.172,-27.8987,-22.5547,100
1.608,0.958,-170.178,-27.5973,-22.864,100
1.599,0.963,-170.177,-28.392,-22.3707,100
1.613,0.959,-170.174,-26.9707,-22.9387,100
1.602,0.959,-170.176,-28.5493,-22.672,100
1.609,0.956,-170.179,-27.4053,-22.848,100
1.604,0.957,-170.181,-28.1653,-22.5893,100
1.608,0.962,-170.169,-27.5973,-22.3627,100
1.605,0.958,-170.179,-28.04,-22.9307,100
1.607,0.962,-170.184,-27.7227,-22.4293,100
1.608,0.963,-170.182,-27.7973,-22.6373,100
1.604,0.959,-170.181,-28.0987,-22.9387,100
1.615,0.961,-170.179,-27.1867,-22.5547,100
1.614,0.957,-170.184,-27.9787,-22.9227,100
1.608,0.964,-170.179,-28.264,-22.2453,100
1.61,0.962,-170.188,-27.7467,-22.8293,100
1.611,0.961,-170.182,-27.8213,-22.7547,100
1.609,0.966,-170.189,-28.0053,-22.3947,100
1.616,0.96,-170.187,-27.4613,-23.08,100
1.615,0.96,-170.187,-27.9867,-22.68,100
1.614,0.957,-170.201,-27.9787,-22.856,100
1.613,0.955,-170.198,-27.9707,-22.7733,100
1.609,0.964,-170.201,-28.1387,-22.112,100
1.612,0.962,-170.217,-27.696,-22.8293,100
1.61,0.964,-170.214,-28.0133,-22.5787,100
1.617,0.963,-170.21,-27.4693,-22.7707,100
1.606,0.967,-170.22,-28.5813,-22.4693,100
1.613,0.959,-170.22,-27.4373,-23.2053,100
1.605,0.958,-170.218,-28.3733,-22.7307,100
1.613,0.963,-170.22,-27.3707,-22.3707,100
1.606,0.965,-170.227,-28.3147,-22.5867,100
1.607,0.964,-170.228,-27.7893,-22.7787,100
1.605,0.962,-170.215,-27.9733,-22.8293,100
1.61,0.965,-170.224,-27.5467,-22.52,100
1.608,0.961,-170.23,-27.9973,-22.9547,100
1.613,0.967,-170.224,-27.5707,-22.336,100
1.609,0.967,-170.225,-28.1387,-22.736,100
1.604,0.968,-170.236,-28.1653,-22.6773,100
1.612,0.966,-170.222,-27.3627,-22.8613,100
1.609,0.965,-170.225,-28.072,-22.7867,100
1.616,0.962,-170.231,-27.4613,-22.896,100
1.609,0.965,-170.237,-28.3387,-22.52,100
1.618,0.96,-170.231,-27.344,-23.0133,100
1.609,0.96,-170.226,-28.472,-22.68,100
1.604,0.966,-170.237,-28.1653,-22.328,100
1.61,0.966,-170.235,-27.48,-22.728,100
1.613,0.964,-170.228,-27.704,-22.8453,100
1.602,0.958,-170.245,-28.5493,-23.064,100
1.609,0.963,-170.239,-27.4053,-22.3707,100
1.611,0.961,-170.235,-27.7547,-22.8213,100
1.609,0.96,-170.23,-28.0053,-22.7467,100
1.606,0.957,-170.254,-28.048,-22.856,100
1.606,0.966,-170.249,-27.848,-22.128,100
1.605,0.964,-170.239,-27.9067,-22.8453,100
1.6,0.962,-170.25,-28.1333,-22.8293,100
1.608,0.959,-170.252,-27.3307,-22.872,100
1.614,0.955,-170.243,-27.512,-22.9067,100
1.603,0.955,-170.254,-28.5573,-22.64,100
1.607,0.956,-170.24,-27.5893,-22.5813,100
1.601,0.962,-170.261,-28.208,-22.296,100
1.611,0.959,-170.244,-27.2213,-22.872,100
1.61,0.952,-170.26,-27.9467,-23.0827,100
1.606,0.955,-170.253,-28.1147,-22.44,100
1.61,0.954,-170.251,-27.6133,-22.6987,100
1.602,0.958,-170.252,-28.3493,-22.3973,100
1.611,0.955,-170.261,-27.288,-22.84,100
1.607,0.962,-170.253,-28.1227,-22.2293,100
1.613,0.963,-170.254,-27.504,-22.6373,100
1.601,0.958,-170.261,-28.608,-22.9973,100
1.611,0.961,-170.254,-27.2213,-22.488,100
1.607,0.959,-170.254,-28.1227,-22.8053,100
1.608,0.959,-170.269,-27.7973,-22.672,100
1.602,0.965,-170.266,-28.216,-22.32,100
1.607,0.97,-170.262,-27.5227,-22.4267,100
1.607,0.964,-170.258,-27.856,-23.112,100
1.605,0.966,-170.269,-27.9733,-22.5947,100
1.61,0.961,-170.273,-27.5467,-23.0213,100
1.613,0.962,-170.269,-27.704,-22.6293,100
1.605,0.955,-170.278,-28.3733,-23.1067,100
1.602,0.958,-170.281,-28.016,-22.464,100
1.605,0.961,-170.264,-27.64,-22.488,100
1.603,0.957,-170.272,-27.9573,-22.9227,100
1.609,0.954,-170.283,-27.472,-22.832,100
1.611,0.963,-170.284,-27.7547,-22.104,100
1.611,0.955,-170.276,-27.888,-23.1733,100
1.603,0.951,-170.284,-28.3573,-22.8747,100
1.603,0.958,-170.281,-27.824,-22.1973,100
1.604,0.962,-170.275,-27.7653,-22.4293,100
1.606,0.962,-170.272,-27.7147,-22.696,100
1.598,0.958,-170.292,-28.3173,-22.9307,100
1.601,0.96,-170.273,-27.608,-22.5467,100
1.603,0.954,-170.286,-27.6907,-23.032,100
1.608,0.953,-170.279,-27.5307,-22.6907,100
1.6,0.955,-170.286,-28.3333,-22.5067,100
1.606,0.961,-170.285,-27.448,-22.288,100
1.597,0.958,-170.294,-28.376,-22.864,100
1.606,0.953,-170.299,-27.248,-22.9573,100
1.606,0.953,-170.287,-27.848,-22.624,100
1.604,0.952,-170.293,-27.9653,-22.6827,100
1.602,0.95,-170.296,-27.9493,-22.7333,100
1.6,0.958,-170.292,-27.9333,-22.1307,100
1.603,0.959,-170.293,-27.624,-22.6053,100
1.603,0.963,-170.304,-27.824,-22.4373,100
1.609,0.958,-170.313,-27.472,-22.9973,100
1.605,0.965,-170.294,-28.1067,-22.2533,100
1.608,0.961,-170.3,-27.664,-22.9547,100
1.598,0.962,-170.3,-28.4507,-22.6293,100
1.608,0.962,-170.297,-27.1973,-22.696,100
1.602,0.948,-170.31,-28.216,-23.5173,100
1.608,0.958,-170.298,-27.464,-21.9973,100
1.602,0.964,-170.311,-28.216,-22.312,100
1.601,0.963,-170.305,-27.8747,-22.7707,100
1.602,0.962,-170.307,-27.7493,-22.7627,100
1.607,0.954,-170.309,-27.5227,-23.1653,100
1.603,0.959,-170.308,-28.0907,-22.3387,100
1.609,0.958,-170.303,-27.472,-22.7307,100
1.601,0.96,-170.314,-28.3413,-22.5467,100
1.612,0.961,-170.31,-27.1627,-22.6213,100
1.605,0.962,-170.31,-28.3067,-22.6293,100
1.608,0.956,-170.318,-27.664,-23.048,100
1.601,0.956,-170.313,-28.2747,-22.648,100
1.603,0.966,-170.3,-27.6907,-22.0613,100
1.598,0.963,-170.311,-28.1173,-22.904,100
1.601,0.964,-170.316,-27.608,-22.6453,100
1.605,0.961,-170.309,-27.5733,-22.888,100
1.604,0.963,-170.303,-27.8987,-22.5707,100
1.605,0.959,-170.311,-27.7733,-22.9387,100
1.598,0.961,-170.319,-28.2507,-22.5547,100
1.603,0.96,-170.32,-27.4907,-22.7467,100
1.597,0.96,-170.327,-28.176,-22.68,100
1.602,0.955,-170.334,-27.4827,-22.9733,100
1.605,0.959,-170.328,-27.64,-22.4053,100
1.605,0.955,-170.325,-27.84,-22.9067,100
1.6,0.957,-170.329,-28.1333,-22.5227,100
1.597,0.958,-170.334,-27.976,-22.5973,100
1.597,0.955,-170.323,-27.776,-22.84,100
1.601,0.963,-170.318,-27.5413,-22.1707,100
1.601,0.96,-170.326,-27.808,-22.88,100
1.601,0.962,-170.311,-27.808,-22.5627,100
1.607,0.956,-170.314,-27.456,-23.048,100
1.609,0.962,-170.3,-27.7387,-22.296,100
1.604,0.959,-170.299,-28.1653,-22.872,100
1.608,0.961,-170.291,-27.5973,-22.5547,100
1.6,0.958,-170.303,-28.3333,-22.864,100
1.605,0.96,-170.299,-27.5067,-22.5467,100
1.599,0.96,-170.302,-28.192,-22.68,100
1.61,0.964,-170.302,-27.1467,-22.4453,100
1.611,0.963,-170.294,-27.8213,-22.7707,100
1.603,0.962,-170.3,-28.3573,-22.7627,100
1.603,0.958,-170.297,-27.824,-22.9307,100
1.603,0.967,-170.306,-27.824,-22.136,100
1.61,0.96,-170.305,-27.4133,-23.1467,100
1.606,0.965,-170.296,-28.1147,-22.3867,100
1.612,0.965,-170.308,-27.496,-22.72,100
1.606,0.964,-170.321,-28.248,-22.7787,100
1.616,0.962,-170.309,-27.2613,-22.8293,100
1.609,0.964,-170.307,-28.3387,-22.5787,100
1.613,0.966,-170.309,-27.6373,-22.5947,100
1.613,0.964,-170.308,-27.904,-22.8453,100
1.615,0.966,-170.299,-27.7867,-22.5947,100
1.618,0.965,-170.302,-27.744,-22.7867,100
1.617,0.96,-170.308,-28.0027,-23.0133,100
1.62,0.97,-170.299,-27.76,-22.0933,100
1.609,0.964,-170.308,-28.6053,-23.112,100
1.619,0.969,-170.305,-27.2853,-22.4187,100
1.618,0.965,-170.3,-28.0107,-22.9867,100
1.615,0.967,-170.314,-28.12,-22.6027,100
1.612,0.965,-170.312,-28.096,-22.8533,100
1.611,0.969,-170.31,-27.9547,-22.4853,100
1.608,0.963,-170.312,-28.064,-23.104,100
1.607,0.964,-170.315,-27.9227,-22.6453,100
1.611,0.964,-170.315,-27.6213,-22.712,100
1.603,0.967,-170.316,-28.3573,-22.536,100
1.604,0.957,-170.325,-27.7653,-23.3227,100
1.597,0.958,-170.324,-28.2427,-22.5973,100
1.597,0.966,-170.316,-27.776,-22.1947,100
1.597,0.963,-170.327,-27.776,-22.904,100
1.6,0.956,-170.346,-27.6,-23.1147,100
1.601,0.961,-170.35,-27.7413,-22.3547,100
1.6,0.957,-170.351,-27.8667,-22.9227,100
1.591,0.954,-170.37,-28.328,-22.832,100
1.59,0.957,-170.386,-27.7867,-22.456,100
1.591,0.959,-170.4,-27.6613,-22.5387,100
1.587,0.962,-170.427,-27.9627,-22.496,100
1.583,0.955,-170.455,-27.9307,-23.1067,100
1.587,0.963,-170.46,-27.4293,-22.1707,100
1.593,0.957,-170.475,-27.344,-23.056,100
1.583,0.957,-170.495,-28.3307,-22.656,100
1.588,0.957,-170.495,-27.3707,-22.656,100
1.578,0.965,-170.494,-28.2907,-22.1867,100
1.575,0.957,-170.493,-27.8,-23.1893,100
1.587,0.955,-170.496,-26.896,-22.7733,100
1.585,0.952,-170.502,-27.8133,-22.816,100
1.589,0.958,-170.501,-27.4453,-22.264,100
1.582,0.954,-170.509,-28.1227,-22.8987,100
1.585,0.952,-170.508,-27.48,-22.7493,100
1.581,0.954,-170.504,-27.9147,-22.4987,100
1.585,0.958,-170.488,-27.4133,-22.3973,100
1.589,0.957,-170.503,-27.4453,-22.7227,100
1.581,0.962,-170.487,-28.1813,-22.3627,100
1.589,0.955,-170.485,-27.1787,-23.1067,100
1.58,0.959,-170.487,-28.24,-22.4053,100
1.594,0.959,-170.473,-26.8187,-22.672,100
1.582,0.963,-170.464,-28.456,-22.4373,100
1.584,0.961,-170.446,-27.5387,-22.8213,100
1.586,0.962,-170.425,-27.5547,-22.6293,100
1.594,0.962,-170.406,-27.2187,-22.696,100
1.592,0.959,-170.404,-27.8693,-22.872,100
1.592,0.958,-170.416,-27.736,-22.7307,100
1.593,0.96,-170.414,-27.6773,-22.5467,100
1.588,0.964,-170.413,-28.0373,-22.4453,100
1.592,0.958,-170.432,-27.4693,-23.064,100
1.589,0.96,-170.425,-27.912,-22.5467,100
1.599,0.955,-170.427,-27.1253,-22.9733,100
1.585,0.959,-170.44,-28.6133,-22.4053,100
1.595,0.953,-170.449,-27.0933,-23.024,100
1.587,0.954,-170.451,-28.2293,-22.5653,100
1.597,0.956,-170.459,-27.1093,-22.5147,100
1.59,0.961,-170.459,-28.1867,-22.3547,100
1.593,0.964,-170.449,-27.544,-22.512,100
1.59,0.963,-170.435,-27.92,-22.7707,100
1.594,0.967,-170.435,-27.4853,-22.4693,100
1.596,0.958,-170.433,-27.6347,-23.264,100
1.598,0.967,-170.422,-27.6507,-22.136,100
1.597,0.963,-170.426,-27.8427,-22.9707,100
1.591,0.964,-170.428,-28.128,-22.6453,100
1.6,0.96,-170.413,-27.2,-22.9467,100
1.596,0.967,-170.407,-28.0347,-22.2693,100
1.603,0.965,-170.403,-27.3573,-22.8533,100
1.606,0.96,-170.414,-27.648,-23.0133,100
1.609,0.966,-170.402,-27.672,-22.328,100
1.602,0.966,-170.397,-28.2827,-22.728,100
1.602,0.962,-170.404,-27.816,-22.9627,100
1.609,0.959,-170.395,-27.4053,-22.872,100
1.613,0.968,-170.387,-27.6373,-22.144,100
1.607,0.969,-170.398,-28.256,-22.6853,100
1.607,0.966,-170.389,-27.856,-22.928,100
1.61,0.966,-170.405,-27.68,-22.728,100
1.607,0.969,-170.406,-28.056,-22.552,100
1.613,0.97,-170.404,-27.504,-22.6933,100
1.608,0.968,-170.399,-28.1973,-22.8773,100
1.614,0.967,-170.404,-27.512,-22.8027,100
1.612,0.967,-170.407,-28.0293,-22.736,100
1.615,0.969,-170.407,-27.72,-22.6187,100
1.607,0.963,-170.417,-28.3893,-23.104,100
1.607,0.963,-170.424,-27.856,-22.704,100
1.609,0.965,-170.41,-27.7387,-22.5867,100
1.607,0.964,-170.421,-27.9893,-22.7787,100
1.61,0.958,-170.439,-27.68,-23.064,100
1.606,0.962,-170.429,-28.1147,-22.4293,100
1.61,0.958,-170.435,-27.6133,-22.9307,100
1.603,0.958,-170.438,-28.2907,-22.664,100
1.6,0.96,-170.443,-28,-22.5467,100
1.603,0.963,-170.43,-27.624,-22.504,100
1.609,0.964,-170.434,-27.472,-22.6453,100
1.604,0.955,-170.446,-28.1653,-23.24,100
1.608,0.962,-170.439,-27.5973,-22.2293,100
1.605,0.962,-170.432,-28.04,-22.696,100
1.603,0.958,-170.442,-27.9573,-22.9307,100
1.602,0.963,-170.444,-27.8827,-22.3707,100
1.603,0.969,-170.441,-27.7573,-22.352,100
1.6,0.963,-170.436,-28,-23.104,100
1.599,0.963,-170.445,-27.8587,-22.704,100
1.61,0.962,-170.441,-27.1467,-22.7627,100
1.612,0.966,-170.439,-27.7627,-22.4613,100
1.602,0.966,-170.445,-28.4827,-22.728,100
1.601,0.967,-170.444,-27.8747,-22.6693,100
1.599,0.962,-170.45,-27.9253,-23.0293,100
1.603,0.963,-170.431,-27.5573,-22.6373,100
1.605,0.962,-170.448,-27.7067,-22.7627,100
1.605,0.966,-170.431,-27.84,-22.4613,100
1.606,0.962,-170.438,-27.7813,-22.9627,100
1.602,0.967,-170.446,-28.0827,-22.4027,100
1.606,0.967,-170.44,-27.5813,-22.736,100
1.601,0.966,-170.444,-28.1413,-22.7947,100
1.609,0.966,-170.451,-27.3387,-22.728,100
1.606,0.97,-170.436,-28.048,-22.4933,100
1.613,0.962,-170.433,-27.4373,-23.2293,100
1.605,0.965,-170.434,-28.3733,-22.52,100
1.61,0.96,-170.448,-27.5467,-23.0133,100
1.604,0.962,-170.451,-28.232,-22.5627,100
1.606,0.964,-170.449,-27.7147,-22.5787,100
1.603,0.96,-170.462,-28.024,-22.9467,100
1.609,0.964,-170.461,-27.472,-22.4453,100
1.615,0.961,-170.463,-27.52,-22.888,100

New PID Setting: 8.000000,4.000000,1.000000

1.604,0.961,-170.477,-25.1987,-19.688,100
1.608,0.968,-170.47,-24.7307,-19.5107,100
1.609,0.967,-170.479,-24.8387,-19.7693,100
1.603,0.961,-170.499,-25.024,-19.888,100
1.606,0.959,-170.499,-24.748,-19.7387,100
1.609,0.963,-170.498,-24.772,-19.5707,100
1.61,0.957,-170.513,-24.8467,-19.856,100
1.608,0.959,-170.52,-24.9307,-19.6053,100
1.61,0.959,-170.517,-24.8133,-19.672,100
1.611,0.958,-170.53,-24.8547,-19.6973,100
1.618,0.967,-170.525,-24.7107,-19.436,100
1.61,0.965,-170.531,-25.1467,-19.7867,100
1.621,0.959,-170.52,-24.6013,-19.872,100
1.615,0.958,-170.521,-25.12,-19.6973,100
1.616,0.961,-170.523,-24.8947,-19.588,100
1.619,0.96,-170.515,-24.852,-19.7133,100
1.624,0.967,-170.518,-24.8253,-19.5027,100
1.622,0.964,-170.529,-25.0427,-19.812,100
1.628,0.964,-170.533,-24.824,-19.712,100
1.626,0.959,-170.544,-25.0747,-19.8387,100
1.629,0.96,-170.56,-24.932,-19.6467,100
1.638,0.962,-170.561,-24.804,-19.6293,100
1.629,0.961,-170.579,-25.332,-19.7213,100
1.635,0.956,-170.593,-24.88,-19.8147,100
1.631,0.959,-170.591,-25.1813,-19.572,100
1.637,0.958,-170.607,-24.896,-19.6973,100
1.636,0.961,-170.603,-25.1213,-19.588,100
1.641,0.961,-170.598,-24.9613,-19.688,100
1.648,0.961,-170.61,-24.9507,-19.688,100
1.663,0.967,-170.621,-24.804,-19.536,100
1.673,0.967,-170.632,-25.0507,-19.736,100
1.694,0.986,-170.653,-24.852,-19.2547,100
1.726,1.003,-170.668,-24.7413,-19.4573,100
1.747,1.025,-170.712,-25.276,-19.4667,100
1.788,1.052,-170.756,-24.9373,-19.516,100
1.812,1.064,-170.766,-25.696,-20.112,100
1.853,1.09,-170.817,-25.4573,-19.8533,100
1.863,1.089,-170.837,-26.5707,-20.7453,100
1.861,1.089,-170.841,-26.9547,-20.712,100
1.853,1.085,-170.84,-27.0907,-20.8133,100
1.862,1.079,-170.855,-26.596,-20.832,100
1.881,1.096,-170.867,-26.4147,-20.2013,100
1.902,1.106,-170.889,-26.516,-20.5147,100
1.92,1.112,-170.91,-26.76,-20.696,100
1.94,1.113,-170.929,-26.8533,-20.8707,100
1.966,1.139,-170.948,-26.8613,-20.2453,100
1.968,1.145,-170.975,-27.6773,-20.96,100
1.991,1.163,-170.993,-27.1613,-20.704,100
1.982,1.154,-171.016,-28.156,-21.532,100
1.971,1.149,-171.027,-28.1347,-21.3587,100
1.974,1.143,-171.051,-27.692,-21.344,100
1.988,1.155,-171.068,-27.4373,-20.84,100
1.992,1.159,-171.087,-27.8027,-21.1387,100
1.988,1.153,-171.13,-28.0373,-21.424,100
1.979,1.145,-171.183,-28.132,-21.4267,100
1.968,1.146,-171.188,-28.1107,-21.1347,100
1.933,1.135,-171.231,-28.6307,-21.4467,100
1.864,1.097,-171.233,-29.212,-22.0427,100
1.847,1.077,-171.227,-27.3427,-21.2827,100
1.788,1.046,-171.21,-28.2707,-21.4013,100
1.747,1.03,-171.187,-27.3427,-20.7733,100
1.723,1.017,-171.183,-26.584,-20.5693,100
1.694,1.004,-171.131,-26.5187,-20.4653,100
1.681,1,-171.078,-25.8813,-20.1333,100
1.674,0.998,-171.061,-25.6253,-20.0507,100
1.665,0.998,-171.018,-25.62,-19.984,100
1.647,0.993,-170.984,-25.776,-20.1107,100
1.642,0.987,-170.99,-25.3027,-20.096,100
1.633,0.987,-170.979,-25.364,-19.896,100
1.642,0.982,-170.969,-24.836,-20.0227,100
1.631,0.985,-170.964,-25.4147,-19.78,100
1.637,0.976,-170.965,-24.896,-20.108,100
1.62,0.977,-170.964,-25.5267,-19.7827,100
1.62,0.979,-170.951,-24.96,-19.7653,100
1.626,0.969,-170.953,-24.808,-20.0853,100
1.627,0.977,-170.935,-24.9827,-19.5493,100
1.625,0.976,-170.924,-25.0667,-19.8413,100
1.614,0.982,-170.907,-25.2787,-19.656,100
1.623,0.976,-170.883,-24.684,-20.008,100
1.611,0.976,-170.849,-25.288,-19.808,100
1.614,0.97,-170.826,-24.812,-19.96,100
1.603,0.974,-170.831,-25.1907,-19.6587,100
1.614,0.972,-170.831,-24.5453,-19.8427,100
1.598,0.973,-170.833,-25.3173,-19.7507,100
1.607,0.964,-170.852,-24.556,-20.012,100
1.599,0.964,-170.868,-25.0587,-19.712,100
1.612,0.959,-170.883,-24.4627,-19.8387,100
1.602,0.96,-170.896,-25.1493,-19.6467,100
1.616,0.954,-170.907,-24.4613,-19.832,100
1.621,0.949,-170.907,-24.8013,-19.7587,100
1.629,0.953,-170.914,-24.7653,-19.4907,100
1.628,0.953,-170.911,-25.0573,-19.624,100
1.644,0.956,-170.897,-24.6187,-19.548,100
1.652,0.954,-170.891,-24.9493,-19.6987,100
1.664,0.965,-170.9,-24.912,-19.3533,100
1.683,0.96,-170.922,-24.8307,-19.8467,100
1.694,0.973,-170.924,-25.1853,-19.3507,100
1.713,0.978,-170.937,-25.0707,-19.6573,100
1.722,0.983,-170.948,-25.476,-19.6973,100
1.732,0.98,-170.944,-25.5227,-19.94,100
1.744,0.984,-170.938,-25.552,-19.7387,100
1.773,0.99,-170.942,-25.2173,-19.72,100
1.781,0.998,-170.967,-25.9813,-19.7173,100
1.822,1.016,-170.981,-25.2093,-19.528,100
1.844,1.024,-171.002,-26.0187,-19.9253,100
1.861,1.018,-171.021,-26.3213,-20.344,100
1.885,1.016,-171.035,-26.28,-20.1947,100
1.933,1.026,-171.046,-25.864,-19.8747,100
1.953,1.029,-171.059,-26.9573,-20.132,100
2.031,1.041,-171.055,-25.648,-19.928,100
2.112,1.032,-171.043,-26.196,-20.556,100
2.162,1.014,-171.044,-27.6293,-20.712,100
2.25,0.907,-171.065,-27.0667,-22.8227,100
2.362,0.742,-171.101,-27.1627,-23.436,100
2.426,0.63,-171.101,-29.2747,-20.7733,100
2.589,0.374,-171.118,-27.2787,-23.5253,100
2.763,0.056,-171.1,-28.304,-23.048,100
2.859,-0.114,-171.073,-31.672,-16.753,100
3.071,-0.479,-170.985,-29.5013,-20.3261,100
3.281,-0.84,-170.877,-31.248,-17.2927,100
3.37,-1.021,-170.798,-35.9933,-9.83,100
3.528,-1.404,-170.658,-34.9573,-13.4791,100
3.705,-1.765,-170.494,-35.74,-9.83236,100
3.811,-1.955,-170.433,-38.9547,-2.58421,100
4.077,-2.289,-170.262,-35.7493,-4.67925,100
4.347,-2.617,-170.041,-37.776,-1.81756,100
4.515,-2.77,-169.917,-42.52,5.27966,100
4.788,-3.042,-169.631,-41.204,3.5328,100
5.054,-3.276,-169.292,-43.5653,6.71864,100
5.12,-3.357,-169.085,-50.76,12.515,100
5.231,-3.506,-168.649,-50.148,11.4908,100
5.167,-3.577,-168.176,-55.4693,14.7103,100
5.067,-3.598,-167.946,-55.8693,16.5968,100
4.694,-3.542,-167.527,-61.9853,18.7665,100
4.112,-3.402,-167.168,-64.296,20.4954,100
3.792,-3.301,-167.026,-53.0027,18.435,100
3.217,-3.086,-166.857,-56.9027,20.5594,100
2.773,-2.901,-166.765,-48.984,18.1212,100
2.092,-2.573,-166.647,-51.436,20.3009,100
1.41,-2.194,-166.555,-46.0133,19.0005,100
1.011,-1.928,-166.487,-33.388,13.1336,100
0.659,-1.656,-166.423,-29.0053,11.1814,100
0.14,-1.088,-166.27,-30.42,16.5198,100
-0.187,-0.528,-166.115,-21.4013,11.7807,100
-0.256,-0.29,-166.038,-12.2456,-0.852441,100
-0.304,0.183,-165.867,-11.1572,3.19426,100
-0.135,0.561,-165.639,-5.27397,-3.00449,100
0.039,0.714,-165.5,-6.49986,-11.7388,100
0.361,1,-165.233,-4.14773,-9.60784,100
0.669,1.228,-165.003,-7.08533,-13.3829,100
0.778,1.341,-164.881,-14.5907,-18.1395,100
1.023,1.504,-164.595,-12.0173,-17.7985,100
1.171,1.651,-164.23,-16.4347,-19.5316,100
1.194,1.718,-164.034,-20.7853,-22.759,100
1.083,1.947,-163.609,-24.364,-19.219,100
0.801,2.293,-163.136,-27.808,-18.1201,100
0.635,2.545,-162.871,-22.6133,-23.306,100
0.325,3.148,-162.284,-24.9333,-16.4754,100
0.076,3.939,-161.639,-20.908,-16.5934,100
-0.026,4.378,-161.304,-15.1916,-31.9018,100
-0.198,5.357,-160.578,-16.1461,-21.8109,100
-0.321,6.386,-159.821,-13.5242,-28.4682,100
-0.376,6.906,-159.439,-10.8121,-49.6943,100
-0.525,7.883,-158.7,-12.7458,-42.3905,100
-0.708,8.771,-158.011,-12.405,-52.568,100
-0.806,9.161,-157.68,-8.77604,-72.288,100
-1.002,9.86,-157.059,-10.4603,-67.58,100
-1.211,10.398,-156.501,-9.20418,-77.2507,100
-1.318,10.612,-156.261,-4.9292,-89.7627,100
-1.535,10.868,-155.816,-6.83776,-90.4107,100
-1.737,10.947,-155.446,-4.69675,-96.9427,100
-1.825,10.915,-155.284,-0.166466,-100,100
-2.038,10.786,-154.969,-2.59979,-100,100
-2.223,10.546,-154.712,-0.154441,-100,100
-2.322,10.414,-154.617,3.53766,-99.712,100
-2.456,10.083,-154.415,3.47836,-100,100
-2.59,9.727,-154.233,4.58766,-100,100
-2.612,9.534,-154.167,8.5346,-94.7053,100
-2.656,9.145,-154.035,8.19152,-98.1267,100
-2.652,8.757,-153.939,9.79771,-94.9893,100
-2.63,8.556,-153.922,10.2596,-87.148,100
-2.568,8.146,-153.9,11.1339,-90.8347,100
-2.379,7.646,-153.924,13.8895,-89.8347,100
-2.274,7.357,-153.945,10.2822,-80.4893,100
-1.986,6.652,-154.003,14.1068,-88.716,100
-1.624,5.76,-154.145,13.7009,-87.8133,100
-1.433,5.242,-154.216,6.49351,-71.2027,100
-0.979,4.101,-154.447,11.6423,-82.8413,100
-0.524,2.797,-154.732,8.04316,-77.8427,100
-0.169,1.736,-154.98,1.87226,-61.2547,100
0.156,0.638,-155.285,-1.72999,-53.704,100
0.533,-0.861,-155.684,-3.02033,-55.0663,100
0.803,-1.967,-156.039,-8.75856,-33.0899,100
1.05,-3.022,-156.371,-11.5163,-22.9064,100
1.325,-4.308,-156.819,-12.8021,-20.2564,100
1.507,-5.163,-157.159,-17.3798,1.02462,100
1.601,-5.645,-157.367,-21.0882,17.3952,100
1.698,-6.087,-157.566,-21.7886,22.3522,100
1.865,-6.794,-157.944,-20.8182,19.2727,100
2.021,-7.192,-158.29,-22.4619,32.8603,100
2.112,-7.302,-158.436,-25.387,43.4454,100
2.259,-7.274,-158.704,-24.7289,47.9262,100
2.445,-6.974,-158.938,-24.9521,54.6933,100
2.519,-6.727,-159.029,-29.3137,51.0475,100
2.674,-6.067,-159.197,-27.8922,59.6215,100
2.783,-5.253,-159.311,-30.3376,58.3185,100
2.817,-4.794,-159.34,-33.1502,42.8822,100
2.88,-3.805,-159.395,-32.729,52.6917,100
2.91,-2.72,-159.416,-34.1109,47.2508,100
2.936,-2.17,-159.425,-34.4945,25.0487,100
2.972,-1.03,-159.406,-34.4919,35.6102,100
3.045,0.1,-159.366,-33.8865,26.2355,100
3.077,0.671,-159.339,-35.5493,3.02446,100
3.197,1.751,-159.283,-33.576,11.3259,100
3.334,2.785,-159.24,-34.1053,1.48048,100
3.419,3.255,-159.209,-36.5187,-21.1264,100
3.584,4.151,-159.197,-35.172,-14.1542,100
3.775,4.912,-159.221,-35.8333,-24.8129,100
3.897,5.252,-159.245,-39.1093,-41.6419,100
4.132,5.797,-159.31,-37.2227,-39.252,100
4.366,6.179,-159.427,-39.128,-47.8303,100
4.45,6.303,-159.509,-44.8,-57.5131,100
4.67,6.411,-159.706,-42.0267,-59.0027,100
4.886,6.354,-159.951,-43.888,-64.1382,100
5.029,6.235,-160.086,-47.4653,-65.3427,100
5.266,5.896,-160.389,-46.228,-70.0489,100
5.504,5.345,-160.718,-48.0987,-72.7846,100
5.622,5.018,-160.892,-53.0427,-62.7741,100
5.836,4.226,-161.245,-51.5547,-71.999,100
6.046,3.274,-161.623,-53.368,-69.7635,100
6.111,2.766,-161.836,-58.7213,-50.9393,100
6.257,1.625,-162.258,-57.1893,-62.9347,100
6.348,0.412,-162.698,-59.7507,-55.6366,100
6.382,-0.239,-162.93,-61.9227,-31.6919,100
6.425,-1.207,-163.275,-61.9667,-34.4972,100
6.452,-1.856,-163.52,-62.716,-18.6451,100
6.495,-2.866,-163.86,-62.5267,-22.5572,100
6.533,-3.882,-164.205,-62.9973,-14.5733,100
6.561,-4.882,-164.538,-63.5547,-5.96962,100
6.553,-6.173,-164.949,-64.6907,-5.25273,100
6.542,-7.107,-165.243,-64.7027,14.2216,100
6.519,-7.974,-165.512,-64.9187,23.5058,100
6.463,-9.003,-165.813,-65.5707,26.4674,100
6.426,-9.666,-166.006,-64.6413,44.1106,100
6.407,-10.064,-166.13,-63.8893,56.2729,100
6.352,-10.387,-166.217,-64.6493,61.5064,100
6.295,-10.784,-166.327,-64.26,62.3711,100
6.224,-11.065,-166.391,-64.1587,68.6451,100
6.184,-11.203,-166.413,-62.8053,74.677,100
6.112,-11.249,-166.405,-63.296,78.2737,100
6.007,-11.202,-166.353,-63.556,81.159,100
5.915,-10.905,-166.233,-62.3867,87.2734,100
5.858,-10.653,-166.14,-60.764,83.9108,100
5.809,-10.021,-165.929,-60.1053,91.6657,100
5.798,-9.187,-165.666,-58.7507,91.8594,100
5.786,-8.691,-165.5,-58.688,76.7499,100
5.807,-7.63,-165.14,-57.756,87.2051,100
5.824,-6.459,-164.733,-58.0253,81.5967,100
5.808,-5.825,-164.506,-58.9973,58.7086,100
5.822,-4.552,-164.057,-58.1093,69.8902,100
5.836,-3.25,-163.612,-58.2213,60.4876,100
5.827,-2.259,-163.275,-58.916,42.2255,100
5.813,-1.299,-162.926,-58.9707,33.5309,100
5.795,-0.063,-162.483,-58.96,32.8438,100
5.744,0.806,-162.153,-59.652,13.6468,100
5.695,1.649,-161.842,-59.1933,6.01242,100
5.66,2.895,-161.375,-58.4467,9.43607,100
5.67,3.767,-161.07,-57.0267,-10.0608,100
5.706,4.131,-160.927,-56.448,-29.9657,100
5.771,4.753,-160.683,-56.0013,-26.4101,100
5.86,5.187,-160.503,-55.9133,-36.2235,100
5.939,5.317,-160.426,-56.8787,-47.4734,100
6.067,5.44,-160.352,-56.2693,-48.769,100
6.229,5.446,-160.32,-56.432,-52.7955,100
6.346,5.402,-160.311,-58.868,-54.1879,100
6.497,5.272,-160.318,-58.9427,-56.0905,100
6.795,4.899,-160.357,-56.4267,-61.277,100
7.118,4.323,-160.43,-58.1773,-63.498,100
7.309,3.955,-160.49,-64.1053,-53.6776,100
7.693,3.138,-160.618,-60.744,-62.1534,100
8.118,2.176,-160.783,-62.7773,-59.3221,100
8.369,1.631,-160.875,-70.5853,-41.0856,100
8.846,0.498,-161.085,-66.868,-51.6288,100
9.319,-0.718,-161.306,-70.7853,-44.6571,100
9.571,-1.355,-161.418,-80.168,-20.2416,100
10.033,-2.618,-161.646,-76.864,-30.9665,100
10.472,-3.899,-161.871,-81.1427,-21.2624,100
10.7,-4.535,-161.97,-90,5.39091,100
11.1,-5.712,-162.163,-87.4667,-3.14417,100
11.467,-6.788,-162.322,-91.5027,8.92825,100
11.655,-7.307,-162.384,-98.9733,31.7521,100
11.992,-8.168,-162.484,-96.7027,27.3578,100
12.301,-8.837,-162.534,-100,39.237,100
12.446,-9.11,-162.545,-100,54.7522,100
12.708,-9.467,-162.515,-100,54.9445,100
12.923,-9.589,-162.429,-100,63.8919,100
13,-9.547,-162.37,-100,69.1601,100
13.139,-9.311,-162.197,-100,73.8728,100
13.227,-8.841,-161.978,-100,78.0401,100
13.248,-8.508,-161.853,-100,70.932,100
13.257,-7.725,-161.572,-100,79.7792,100
13.234,-6.778,-161.26,-100,77.7675,100
13.226,-6.27,-161.101,-100,59.1604,100
13.164,-5.135,-160.76,-100,71.0544,100
13.061,-3.917,-160.408,-100,64.1335,100
12.984,-3.295,-160.24,-100,39.3382,100
12.814,-2.055,-159.895,-100,50.0478,100
12.599,-0.832,-159.563,-100,39.7091,100
12.406,0.072,-159.333,-100,21.8428,100
12.293,0.631,-159.176,-100,5.86169,100
12.152,1.186,-159.038,-100,1.27128,100
11.961,1.941,-158.829,-100,1.86999,100
11.79,2.639,-158.636,-100,-5.65201,100
11.671,3.038,-158.525,-100,-18.8544,100
11.556,3.412,-158.422,-100,-22.7289,100
11.32,3.998,-158.258,-100,-20.4078,100
11.091,4.382,-158.138,-100,-30.2762,100
10.993,4.479,-158.09,-100,-40.6834,100
10.804,4.549,-158.052,-100,-42.2089,100
10.639,4.412,-158.068,-100,-48.0764,100
10.546,4.283,-158.09,-99.468,-46.8394,100
10.394,3.842,-158.162,-100,-53.7668,100
10.25,3.24,-158.253,-98.8,-54.3641,100
10.147,2.706,-158.331,-96.6093,-47.8644,100
10.094,2.305,-158.389,-94.5187,-40.2562,100
10.021,1.931,-158.452,-94.6013,-36.3921,100
9.902,1.103,-158.6,-95.1827,-44.9173,100
9.79,0.252,-158.773,-94.0533,-38.8796,100
9.749,-0.189,-158.858,-91.3587,-21.6822,100
9.637,-1.017,-159.059,-92.8293,-27.9435,100
9.505,-1.795,-159.25,-92.44,-20.027,100
9.419,-2.168,-159.342,-90.2187,-3.5118,100
9.242,-2.841,-159.494,-91.836,-8.08689,100
9.064,-3.418,-159.625,-90.4453,-0.221668,100
8.977,-3.64,-159.689,-86.716,13.4401,100
8.821,-4.031,-159.797,-87.768,10.9928,100
8.684,-4.308,-159.877,-86.0387,17.0708,100
8.633,-4.425,-159.904,-82.764,23.4039,100
8.501,-4.54,-159.945,-84.408,24.4559,100
8.343,-4.537,-159.959,-84.0107,28.4306,100
8.247,-4.486,-159.955,-81.176,29.6872,100
8.092,-4.306,-159.933,-81.9027,32.6092,100
7.954,-4.006,-159.896,-80.232,34.2669,100
7.879,-3.795,-159.874,-77.532,29.6669,100
7.723,-3.356,-159.831,-78.984,33.8032,100
7.536,-2.85,-159.779,-78.5213,32.0296,100
7.445,-2.588,-159.748,-74.5933,21.8375,100
7.208,-2.006,-159.689,-77.564,27.8771,100
6.952,-1.403,-159.627,-76.1493,23.7733,100
6.828,-1.124,-159.588,-70.7573,10.7574,100
6.578,-0.523,-159.506,-72.9573,16.6903,100
6.326,0.06,-159.417,-71.008,11.4254,100
6.19,0.341,-159.382,-66.0533,-0.894137,100
5.964,0.856,-159.29,-67.2453,2.77354,100
5.773,1.335,-159.211,-64.5507,-2.27769,100
5.686,1.574,-159.183,-60.388,-12.2124,100
5.553,1.956,-159.149,-60.8573,-10.5299,100
5.452,2.24,-159.144,-58.9827,-16.1008,100
5.408,2.354,-159.147,-56.7307,-22.7133,100
5.313,2.48,-159.197,-57.6707,-23.3571,100
5.246,2.483,-159.28,-56.2013,-27.5168,100
5.244,2.444,-159.332,-54.0187,-28.64,100
5.232,2.291,-159.466,-54.256,-31.249,100
5.248,2.024,-159.628,-53.4507,-32.9421,100
5.277,1.845,-159.719,-53.2493,-28.6034,100
5.319,1.452,-159.915,-53.152,-32.6136,100
5.377,0.977,-160.133,-53.0827,-31.561,100
5.426,0.705,-160.247,-53.7747,-22.6285,100
5.475,0.148,-160.483,-54.1667,-27.6746,100
5.516,-0.444,-160.72,-54.7613,-24.0989,100
5.555,-0.75,-160.837,-55.14,-12.1068,100
5.598,-1.312,-161.066,-55.3507,-16.1252,100
5.654,-1.845,-161.293,-55.3653,-10.868,100
5.707,-2.095,-161.409,-55.8893,0.595524,100
5.787,-2.522,-161.613,-55.6293,-1.85216,100
5.876,-2.869,-161.785,-56.0413,3.63182,100
5.945,-3.054,-161.892,-57.26,10.5558,100
6.011,-3.181,-161.996,-57.888,13.5509,100
6.08,-3.267,-162.114,-58.34,15.6527,100
6.125,-3.247,-162.187,-59.5,19.0727,100
6.17,-3.202,-162.217,-59.86,19.5922,100
6.185,-3.132,-162.249,-60.98,19.9106,100
6.209,-2.96,-162.266,-60.872,21.9772,100
6.233,-2.908,-162.278,-61.064,17.6031,100
6.254,-2.573,-162.271,-61.332,24.3935,100
6.256,-2.391,-162.262,-61.9813,17.8719,100
6.26,-2.072,-162.229,-61.9467,19.9164,100
6.262,-1.738,-162.178,-62.0293,17.7695,100
6.278,-1.51,-162.158,-61.6907,12.4339,100
6.27,-1.283,-162.117,-62.4267,10.603,100
6.271,-0.826,-162.066,-62.1347,14.6256,100
6.252,-0.392,-162.016,-62.6493,10.3926,100
6.234,-0.206,-161.994,-62.472,0.640853,100
6.221,0.142,-161.945,-62.2013,3.25481,100
6.192,0.437,-161.904,-62.5027,-0.878151,100
6.176,0.547,-161.904,-61.9413,-7.93269,100
6.172,0.72,-161.892,-61.5093,-7.22706,100
6.195,0.839,-161.893,-60.7933,-9.99114,100
6.217,0.862,-161.895,-61.0027,-13.3876,100
6.316,0.86,-161.928,-59.228,-14.2173,100
6.414,0.789,-161.975,-60.0453,-15.9606,100
6.448,0.719,-161.997,-62.4507,-15.3777,100
6.536,0.528,-162.055,-61.3547,-17.8906,100
6.617,0.305,-162.118,-62.236,-17.1777,100
6.647,0.18,-162.159,-64.176,-12.9136,100
6.731,-0.087,-162.22,-63.048,-15.5097,100
6.795,-0.34,-162.271,-64.2267,-13.0141,100
6.805,-0.465,-162.296,-66.1067,-7.74073,100
6.858,-0.712,-162.342,-65.0973,-9.82115,100
6.903,-0.932,-162.378,-65.724,-7.14773,100
6.926,-1.08,-162.39,-66.6413,-3.54817,100
6.937,-1.202,-162.393,-67.1293,-1.6882,100
6.938,-1.319,-162.392,-67.4707,-0.566538,100
6.922,-1.37,-162.392,-67.9093,2.06119,100
6.897,-1.387,-162.37,-68.0093,3.3505,100
6.879,-1.361,-162.34,-67.632,4.59543,100
6.85,-1.31,-162.313,-67.7667,5.03963,100
6.825,-1.214,-162.289,-67.4333,5.78911,100
6.797,-1.067,-162.241,-67.3093,6.32847,100
6.757,-0.905,-162.194,-67.3893,5.5455,100
6.707,-0.732,-162.152,-67.3227,4.53871,100
6.657,-0.473,-162.091,-66.9227,5.34019,100
6.607,-0.255,-162.053,-66.5227,2.23319,100
6.583,-0.079,-162.015,-65.464,-0.573668,100
6.567,0.064,-161.996,-65.0693,-2.81859,100
6.525,0.33,-161.946,-65.6,-0.851341,100
6.501,0.511,-161.931,-64.808,-5.14003,100
6.47,0.767,-161.886,-64.7933,-4.69908,100
6.444,0.921,-161.862,-64.4187,-9.34434,100
6.416,1.23,-161.812,-64.2613,-6.66739,100
6.377,1.507,-161.768,-64.316,-9.97175,100
6.345,1.624,-161.737,-63.8267,-16.2645,100
6.311,1.812,-161.694,-63.6213,-15.4279,100
6.272,1.955,-161.652,-63.476,-18.1001,100
6.24,2.002,-161.636,-62.9867,-21.7049,100
6.22,2.035,-161.602,-62.4267,-22.4648,100
6.198,2.002,-161.585,-62.3173,-24.4297,100
6.168,1.966,-161.6,-62.344,-24.27,100
6.158,1.813,-161.637,-61.5973,-26.9721,100
6.162,1.604,-161.701,-61.1627,-27.1899,100
6.154,1.499,-161.727,-61.4987,-22.9048,100
6.197,1.198,-161.822,-60.1427,-27.0474,100
6.271,0.836,-161.948,-59.7013,-26.1967,100
6.299,0.642,-162.023,-61.4587,-19.054,100
6.4,0.152,-162.205,-59.8333,-25.0028,100
6.498,-0.443,-162.449,-60.7173,-23.7365,100
6.529,-0.761,-162.607,-63.1987,-11.9482,100
6.601,-1.531,-162.954,-62.408,-20.8328,100
6.675,-2.44,-163.357,-62.9333,-18.159,100
6.705,-3.204,-163.699,-64.64,-7.16751,100
6.73,-3.74,-163.944,-65.0067,4.77434,100
6.753,-4.332,-164.202,-65.2573,7.70606,100
6.778,-5.245,-164.601,-65.3907,4.38559,100
6.795,-5.867,-164.878,-65.7933,19.1461,100
6.84,-6.87,-165.294,-65.22,14.569,100
6.857,-7.569,-165.575,-66.2893,30.4033,100
6.863,-8.967,-166.13,-66.704,18.4165,100
6.823,-10.389,-166.686,-67.9173,29.1421,100
6.793,-11.116,-166.945,-67.344,58.2848,100
6.701,-12.518,-167.431,-68.6747,47.181,100
6.564,-13.853,-167.838,-69.0787,60.2939,100
6.488,-14.505,-168.019,-66.4373,88.4854,100
6.345,-15.695,-168.326,-67.5267,80.2981,100
6.184,-16.738,-168.565,-66.8387,93.7831,100
6.084,-17.201,-168.65,-64.0053,100,100
5.894,-17.989,-168.768,-65.4853,100,100
5.674,-18.545,-168.792,-64.7253,100,100
5.544,-18.721,-168.77,-60.6853,100,100
5.317,-18.884,-168.694,-62.1027,100,100
5.097,-18.749,-168.557,-60.1093,100,100
4.972,-18.554,-168.449,-55.9427,100,100
4.751,-17.998,-168.233,-57.3747,100,100
4.529,-17.174,-167.971,-55.632,100,100
4.334,-16.401,-167.722,-53.172,100,100
4.118,-15.522,-167.47,-52.144,100,100
3.818,-14.232,-167.091,-52.544,100,100
3.655,-13.512,-166.891,-46.6733,100,100
3.374,-12.016,-166.485,-48.3587,100,100
3.141,-10.366,-166.068,-44.8947,100,100
3.02,-9.483,-165.854,-40.1933,100,100
2.84,-7.665,-165.386,-40.72,100,100
2.701,-5.678,-164.895,-38.2413,100,100
2.631,-4.588,-164.634,-35.3813,71.6183,100
2.551,-2.295,-164.11,-35.0747,93.4074,100
2.463,0.166,-163.607,-34.6373,79.317,100
2.394,1.447,-163.34,-33.452,29.7148,100
2.266,4.075,-162.845,-34.3947,53.5321,100
2.095,6.756,-162.382,-34.46,33.7535,100
1.932,8.759,-162.032,-32.8893,-4.99663,100
1.721,10.712,-161.725,-32.8013,-22.4416,100
1.34,13.258,-161.36,-35.42,-23.2338,100
1.043,15.043,-161.142,-30.244,-63.0971,100
0.758,16.747,-160.975,-27.564,-79.6702,100
0.417,18.787,-160.848,-26.7027,-85.0608,100
0.212,20.145,-160.832,-20.5293,-100,100
0.05,21.298,-160.889,-17.8,-100,100
-0.057,22.482,-161.042,-15.1098,-100,100
-0.035,23.098,-161.243,-10.9853,-100,100
0.083,23.443,-161.482,-8.73054,-100,100
0.383,23.485,-161.894,-5.064,-100,100
0.59,23.307,-162.143,-9.82,-100,100
1.115,22.594,-162.695,-3.42,-100,100
1.792,21.391,-163.322,-3.76933,-100,100
2.416,20.198,-163.822,-10.528,-100,100
3.114,18.751,-164.369,-13.6453,-100,100
4.148,16.483,-165.137,-10.7173,-100,100
4.953,14.543,-165.74,-24.7907,-100,100
5.512,13.141,-166.167,-37.4627,-100,100
6.064,11.669,-166.594,-42.112,-100,100
7.219,8.501,-167.516,-31.252,-100,100
8.358,5.151,-168.498,-40.8973,-100,100
8.955,3.374,-169.003,-63.74,-93.4981,100
10.085,-0.289,-170.052,-55.0133,-100,100
11.179,-4.048,-171.085,-64.9653,-100,100
11.665,-5.944,-171.571,-89.12,-22.7727,100
12.588,-9.752,-172.488,-81.9373,-55.9016,100
13.356,-13.497,-173.304,-93.248,-23.6473,100
13.706,-15.316,-173.642,-100,55.3253,100
14.286,-18.694,-174.207,-100,30.6518,100
14.743,-21.744,-174.575,-100,66.2983,100
14.945,-23.104,-174.682,-100,100,100
15.209,-25.402,-174.749,-100,100,100
15.358,-27.082,-174.569,-100,100,100
15.409,-27.665,-174.404,-100,100,100
15.412,-28.238,-173.921,-100,100,100
15.366,-28.047,-173.234,-100,100,100
15.328,-27.696,-172.817,-100,100,100
15.195,-26.416,-171.863,-100,100,100
15.006,-24.476,-170.768,-100,100,100
14.893,-23.276,-170.175,-100,100,100
14.658,-20.496,-168.891,-100,100,100
14.372,-17.23,-167.511,-100,100,100
14.206,-15.427,-166.797,-100,100,100
13.831,-11.631,-165.363,-100,100,100
13.351,-7.685,-163.921,-100,100,100
13.067,-5.703,-163.195,-100,100,100
12.403,-1.778,-161.765,-100,100,100
11.605,1.989,-160.429,-100,100,100
11.141,3.8,-159.803,-100,28.8117,100
10.141,7.165,-158.652,-100,53.5885,100
9.048,10.161,-157.657,-100,17.1742,100
8.474,11.512,-157.206,-98.9253,-48.6329,100
7.323,13.87,-156.448,-100,-34.13,100
6.162,15.76,-155.861,-99.996,-65.0769,100
5.613,16.504,-155.623,-75.204,-100,100
4.598,17.647,-155.292,-82.6173,-100,100
3.735,18.277,-155.134,-70.6467,-100,100
3.211,18.393,-155.108,-55.1547,-100,100
2.792,18.184,-155.173,-48.3027,-100,100
2.409,17.367,-155.397,-44.0387,-100,100
2.214,16.387,-155.652,-36.212,-100,100
2.14,15.539,-155.841,-31.5867,-100,100
2.088,14.574,-156.083,-30.4373,-100,100
2.081,12.875,-156.475,-28.8813,-100,100
2.121,11.6,-156.762,-27.6347,-100,100
2.194,9.512,-157.237,-27.1187,-100,100
2.246,8.021,-157.57,-28.2347,-100,100
2.397,4.796,-158.295,-26.1427,-100,100
2.568,1.388,-159.077,-26.844,-100,100
2.641,-0.35,-159.485,-30.6947,-60.0205,100
2.808,-3.889,-160.361,-28.8973,-91.6858,100
2.974,-7.352,-161.236,-30.2587,-61.3426,100
3.038,-9.052,-161.67,-34.1707,11.1544,100
3.155,-12.393,-162.51,-33.34,-16.6392,100
3.161,-15.515,-163.22,-37.088,15.8603,100
3.108,-16.982,-163.515,-38.6307,83.0075,100
2.867,-19.629,-163.912,-42.9693,65.1328,100
2.383,-21.825,-164.041,-47.1973,98.0484,100
2.067,-22.718,-164.011,-39.0693,100,100
1.243,-24.022,-163.731,-49.4107,100,100
0.245,-24.652,-163.217,-47.2267,100,100
-0.314,-24.672,-162.895,-28.1168,100,100
-1.501,-24.193,-162.111,-39.5325,100,100
-2.717,-23.018,-161.208,-30.7321,100,100
-3.601,-21.735,-160.468,-12.5416,100,100
-4.476,-20.151,-159.695,-5.1771,100,100
-5.618,-17.68,-158.616,-4.8602,100,100
-6.195,-16.34,-158.062,18.6783,100,100
-7.316,-13.453,-156.958,9.61836,100,100
-8.402,-10.436,-155.815,19.594,100,100
-9.151,-8.173,-154.941,36.9511,100,100
-9.851,-5.927,-154.092,44.3263,100,100
-10.678,-3.046,-153.038,46.8627,100,100
-11.065,-1.669,-152.521,64.7847,59.6715,100
-11.572,0.298,-151.806,65.0074,63.5979,100
-11.895,1.513,-151.349,73.896,28.7895,100
-12.343,3.19,-150.752,73.4911,30.7275,100
-12.809,4.656,-150.261,76.8035,11.8991,100
-13.299,5.915,-149.899,80.115,-5.15803,100
-13.959,7.186,-149.607,79.9294,-15.0295,100
-14.404,7.848,-149.526,90.8635,-40.7385,100
-14.821,8.24,-149.59,95.3462,-52.9932,100
-15.331,8.3,-149.851,96.547,-64.6594,100
-15.656,8.024,-150.148,100,-73.7669,100
-15.84,7.684,-150.405,100,-73.2909,100
-15.991,7.24,-150.691,100,-73.3098,100
-16.142,6.386,-151.211,100,-80.2364,100
-16.166,5.71,-151.6,100,-68.9773,100
-16.096,4.553,-152.261,100,-75.8202,100
-15.993,3.69,-152.73,100,-59.1694,100
-15.682,1.793,-153.764,100,-78.4858,100
-15.314,-0.322,-154.842,100,-68.8279,100
-15.129,-1.433,-155.407,100,-26.4526,100
-14.867,-3.151,-156.248,100,-32.8965,100
-14.707,-4.304,-156.801,100,-4.77722,100
-14.5,-6.056,-157.587,100,-10.6407,100
-14.391,-7.203,-158.068,100,18.8057,100
-14.245,-9.419,-158.935,100,1.03601,100
-14.172,-11.451,-159.639,100,23.5902,100
-14.164,-12.379,-159.911,100,67.9925,100
-14.203,-14.031,-160.237,100,57.2772,100
-14.362,-15.351,-160.3,100,79.1249,100
-14.489,-15.857,-160.236,100,100,100
-14.847,-16.528,-159.917,100,100,100
-15.341,-16.693,-159.405,100,100,100
-15.638,-16.589,-159.075,100,100,100
-16.335,-16.02,-158.305,100,100,100
-17.174,-14.988,-157.392,100,100,100
-17.867,-13.946,-156.625,100,100,100
-18.613,-12.686,-155.798,100,100,100
-19.635,-10.715,-154.638,100,100,100
-20.42,-9.02,-153.742,100,100,100
-21.233,-7.229,-152.823,100,100,100
-22.374,-4.683,-151.599,100,100,100
-23.307,-2.734,-150.72,100,89.4263,100
-24.291,-0.721,-149.872,100,75.466,100
-25.656,1.919,-148.818,100,75.2184,100
-26.656,3.862,-148.05,100,36.3854,100
-27.314,5.118,-147.572,100,3.36374,100
-27.975,6.342,-147.123,100,-7.58626,100
-28.947,8.154,-146.519,100,-2.59967,100
-29.949,9.844,-145.952,100,-20.3281,100
-30.609,10.93,-145.633,100,-49.3068,100
-31.264,11.968,-145.342,100,-59.3832,100
-32.541,13.892,-144.89,100,-45.4419,100
-33.753,15.569,-144.59,100,-67.3154,100
-34.331,16.291,-144.477,100,-100,100
-35.416,17.486,-144.362,100,-99.2045,100
-36.403,18.324,-144.365,100,-100,100
-36.845,18.59,-144.401,100,-100,100
-37.583,18.857,-144.586,100,-100,100
-38.101,18.75,-144.904,100,-100,100
-38.28,18.556,-145.12,100,-100,100
-38.506,17.839,-145.582,100,-100,100
-38.549,16.762,-146.167,100,-100,100
-38.518,16.111,-146.518,100,-100,100
-38.363,14.624,-147.381,100,-100,100
-38.12,12.918,-148.431,100,-100,100
-37.973,11.99,-149.021,100,-100,100
-37.644,10.02,-150.333,100,-100,100
-37.259,7.904,-151.743,100,-100,100
-37.043,6.797,-152.484,100,-93.4216,100
-36.577,4.504,-154.042,100,-100,100
-36.09,2.142,-155.634,100,-98.1106,100
-35.838,0.94,-156.426,100,-49.8415,100
-35.288,-1.528,-157.973,100,-72.2755,100
-34.682,-4.009,-159.461,100,-52.8031,100
-34.349,-5.288,-160.155,100,-2.42828,100
-33.582,-7.845,-161.507,100,-24.4593,100
-32.674,-10.306,-162.817,100,-1.42291,100
-32.184,-11.513,-163.454,100,50.1989,100
-31.175,-13.821,-164.695,100,32.1619,100
-30.143,-15.997,-165.854,100,54.2003,100
-29.621,-17.027,-166.403,100,100,100
-28.534,-18.881,-167.469,100,88.5227,100
-27.049,-20.788,-168.763,100,100,100
-25.738,-21.919,-169.763,100,100,100
-24.717,-22.527,-170.489,100,100,100
-24.037,-22.791,-170.939,100,100,100
-23.361,-22.955,-171.369,100,100,100
-22.012,-22.936,-172.155,100,100,100
-20.688,-22.431,-172.862,100,100,100
-20.033,-22,-173.167,100,100,100
-18.771,-20.83,-173.652,100,100,100
-17.582,-19.269,-173.949,100,100,100
-17.005,-18.346,-174.023,100,100,100
-15.906,-16.224,-174.087,100,100,100
-14.89,-13.792,-174.048,100,100,100
-14.415,-12.494,-173.979,100,100,100
-13.585,-9.744,-173.768,100,100,100
-12.92,-6.954,-173.427,100,100,100
-12.648,-5.572,-173.209,100,94.26,100
-12.27,-2.895,-172.738,100,100,100
-12.06,-0.355,-172.283,100,91.1708,100
-11.997,0.858,-172.072,100,37.2211,100
-11.948,3.084,-171.706,100,53.1353,100
-11.994,5.03,-171.405,100,28.1616,100
-12.033,5.896,-171.288,100,-14.8513,100
-12.119,7.366,-171.091,100,-6.58407,100
-12.147,8.476,-170.973,100,-27.5861,100
-12.129,8.89,-170.965,100,-54.2261,100
-12.033,9.403,-170.966,100,-55.1655,100
-11.833,9.476,-170.996,100,-70.5527,100
-11.687,9.342,-171.028,100,-76.5152,100
-11.302,8.764,-171.084,100,-86.8174,100
-10.785,7.785,-171.17,100,-92.4642,100
-10.306,6.822,-171.266,100,-84.3251,100
-9.782,5.657,-171.378,100,-81.8199,100
-9.028,3.875,-171.532,100,-88.1863,100
-8.43,2.391,-171.645,99.3733,-66.4154,100
-8.032,1.366,-171.727,89.5227,-42.9351,100
-7.625,0.321,-171.792,86.5667,-35.2464,100
-7.016,-1.25,-171.894,88.428,-40.1937,100
-6.408,-2.815,-171.998,83.5307,-27.4332,100
-5.993,-3.822,-172.059,73.7773,-0.722139,100
-5.572,-4.788,-172.131,70.6093,8.44148,100
-4.736,-6.586,-172.262,77.7547,-4.81302,100
-3.905,-8.149,-172.321,70.94,15.6417,100
-3.494,-8.822,-172.318,53.652,50.8194,100
-2.686,-9.923,-172.261,60.4213,45.5036,100
-1.903,-10.676,-172.132,53.324,63.2813,100
-1.521,-10.916,-172.033,36.9013,82.4585,100
-0.785,-11.1,-171.807,42.8133,85.957,100
-0.08,-10.903,-171.552,36.14,97.238,100
0.261,-10.668,-171.423,21.2749,96.7783,100
0.917,-9.974,-171.183,26.5137,100,100
1.557,-9.024,-170.924,20.8379,100,100
1.867,-8.471,-170.783,7.33106,90.1979,100
2.449,-7.245,-170.491,11.7065,100,100
2.968,-5.895,-170.183,5.41173,96.3457,100
3.197,-5.199,-170.031,-6.13298,69.0526,100
3.59,-3.794,-169.721,-3.86201,81.5006,100
3.888,-2.429,-169.429,-9.46866,69.2822,100
3.994,-1.785,-169.303,-16.7742,40.1226,100
4.107,-0.556,-169.055,-17.504,49.7986,100
4.128,0.54,-168.864,-20.7981,36.5895,100
4.115,1.03,-168.796,-21.8867,12.4547,100
4.061,1.881,-168.714,-22.8798,17.6529,100
3.967,2.526,-168.677,-23.5183,5.58986,100
3.827,2.882,-168.663,-23.9867,-6.93297,100
3.658,3.135,-168.643,-23.6541,-12.4354,100
3.417,3.303,-168.636,-24.1753,-16.6603,100
3.219,3.318,-168.653,-21.2043,-21.9281,100
3.104,3.274,-168.659,-17.5623,-23.5899,100
2.975,3.196,-168.684,-17.0398,-24.1453,100
2.772,3.008,-168.704,-17.9224,-26.3513,100
2.623,2.828,-168.722,-14.9682,-24.6853,100
2.416,2.515,-168.733,-15.2803,-26.6509,100
2.266,2.26,-168.743,-12.2129,-22.7101,100
2.05,1.703,-168.76,-12.7145,-28.3453,100
1.912,1.083,-168.798,-9.03799,-25.5009,100
1.883,0.769,-168.831,-5.19977,-12.7999,100
1.903,0.109,-168.891,-3.75384,-19.0549,100
1.928,-0.534,-168.935,-3.81494,-13.3365,100
1.954,-0.851,-168.951,-4.01774,0.0784245,100
1.953,-1.452,-168.985,-4.93787,-4.55933,100
1.931,-1.998,-168.986,-5.48967,1.67077,100
1.897,-2.256,-168.963,-5.64499,13.3673,100
1.8,-2.694,-168.889,-6.99491,10.9101,100
1.719,-3.057,-168.776,-5.83833,16.3581,100
1.67,-3.193,-168.713,-4.40371,25.0587,100
1.634,-3.408,-168.572,-3.70591,24.1945,100
1.608,-3.528,-168.39,-3.18773,28.3719,100
1.617,-3.559,-168.29,-2.11635,31.6378,100
1.649,-3.574,-168.071,-1.62943,32.3426,100
1.7,-3.524,-167.823,-1.42857,34.1601,100
1.74,-3.463,-167.632,-2.1403,34.0886,100
1.792,-3.378,-167.449,-2.1821,34.2572,100
1.951,-3.216,-167.227,0.0844704,35.5742,100
2.108,-3.053,-167.09,-1.26855,34.3475,100
2.222,-2.93,-167.021,-3.64588,32.0724,100
2.323,-2.798,-166.939,-4.92067,31.3567,100
2.467,-2.588,-166.854,-4.67486,32.3139,100
2.525,-2.443,-166.8,-8.04188,29.0224,100
2.6,-2.215,-166.722,-8.11266,29.997,100
2.641,-2.042,-166.683,-9.61202,26.8091,100
2.706,-1.653,-166.63,-9.37099,30.9209,100
2.733,-1.19,-166.636,-10.893,29.7007,100
2.753,-0.936,-166.665,-11.326,20.7155,100
2.769,0.205,-166.791,-11.6272,41.1512,100
3.104,1.385,-166.617,-3.71856,32.9913,100
3.136,1.868,-166.565,-14.1197,5.86703,100
2.928,2.612,-166.717,-20.4979,8.57741,100
2.806,3.024,-166.778,-16.6956,-5.8288,100
2.742,3.14,-166.969,-14.2898,-16.6687,100
2.586,3.15,-167.284,-16.1457,-20.3274,100
2.49,2.946,-167.608,-13.4135,-25.8711,100
2.51,2.776,-167.812,-9.74301,-23.4178,100
2.609,2.331,-168.148,-7.93924,-29.058,100
2.703,1.855,-168.601,-8.89683,-26.31,100
2.649,1.652,-168.837,-13.4363,-15.6098,100
2.523,1.266,-169.237,-14.8646,-18.6401,100
2.437,0.861,-169.679,-12.8784,-16.0458,100
2.369,0.726,-169.832,-11.7685,-5.97625,100
2.234,0.596,-170.032,-12.954,-4.77817,100
2.146,0.683,-170.183,-10.7143,1.74933,100
2.145,0.821,-170.233,-7.83714,2.33351,100
2.157,1.237,-170.33,-7.53087,8.25436,100
2.129,1.662,-170.373,-8.67086,5.13043,100
2.068,1.826,-170.394,-9.31264,-4.90787,100
1.96,2.041,-170.386,-10.0435,-4.95726,100
1.954,2.039,-170.336,-6.62367,-12.204,100
1.966,1.981,-170.311,-6.14798,-13.6351,100
2.031,1.758,-170.272,-4.93056,-17.3765,100
2.027,1.459,-170.206,-7.22775,-17.5388,100
1.987,1.201,-170.164,-8.13636,-14.1254,100
1.847,1.037,-170.153,-10.3763,-9.69503,100
1.689,1.04,-170.14,-9.73661,-4.16734,100
1.65,1.105,-170.119,-5.48171,-2.63659,100
1.638,1.179,-170.151,-4.50929,-2.94556,100
1.612,1.219,-170.208,-4.79117,-4.41645,100
1.583,1.201,-170.278,-4.68197,-6.22308,100
1.57,1.171,-170.375,-4.06724,-6.39994,100
1.599,1.14,-170.51,-2.92227,-6.20169,100
1.658,1.121,-170.629,-2.41814,-5.66583,100
1.698,1.102,-170.721,-3.39593,-5.5297,100
1.728,1.076,-170.789,-3.99415,-5.57053,100
1.729,1.065,-170.931,-4.99371,-4.99787,100
1.728,1.07,-171.019,-5.07726,-4.51994,100
1.726,1.072,-171.147,-5.11945,-4.65138,100
1.724,1.074,-171.231,-5.12827,-4.68284,100
1.735,1.068,-171.377,-4.80792,-4.91689,100
1.745,1.074,-171.465,-4.94639,-4.58035,100
1.747,1.073,-171.489,-5.25421,-4.82114,100
1.764,1.071,-171.502,-4.91561,-4.85389,100
1.764,1.076,-171.485,-5.50768,-4.67605,100
1.761,1.072,-171.486,-5.60904,-4.95949,100
1.758,1.079,-171.481,-5.61035,-4.66436,100
1.764,1.074,-171.484,-5.38375,-5.03983,100
1.768,1.083,-171.484,-5.50788,-4.66076,100
1.756,1.075,-171.505,-5.9705,-5.1789,100
1.754,1.071,-171.537,-5.64642,-5.02899,100
1.752,1.066,-171.554,-5.65565,-5.03768,100
1.746,1.071,-171.565,-5.76613,-4.75977,100
1.742,1.07,-171.582,-5.69255,-4.96717,100
1.746,1.075,-171.593,-5.48302,-4.82265,100
1.741,1.071,-171.626,-5.76809,-5.10608,100
1.747,1.074,-171.623,-5.47458,-4.91221,100
1.742,1.066,-171.646,-5.82633,-5.23023,100
1.744,1.075,-171.667,-5.63411,-4.75104,100
1.744,1.07,-171.687,-5.72589,-5.19311,100
1.747,1.079,-171.696,-5.67505,-4.81398,100
1.73,1.074,-171.721,-6.23063,-5.25612,100
1.732,1.066,-171.746,-5.63824,-5.30747,100
1.734,1.067,-171.743,-5.67921,-5.03083,100
1.736,1.065,-171.762,-5.72021,-5.13017,100
1.731,1.068,-171.782,-5.93847,-5.00288,100
1.724,1.063,-171.797,-5.97396,-5.24485,100
1.737,1.064,-171.815,-5.4363,-5.06818,100
1.731,1.069,-171.83,-6.04656,-4.99024,100
1.729,1.067,-171.847,-5.92213,-5.22293,100
1.723,1.067,-171.873,-6.03227,-5.17163,100
1.732,1.058,-171.878,-5.62921,-5.41487,100
1.735,1.06,-171.879,-5.8782,-5.07946,100
1.723,1.059,-171.888,-6.30701,-5.18671,100
1.726,1.055,-171.9,-5.85586,-5.26991,100
1.724,1.063,-171.894,-6.03135,-4.94921,100
1.732,1.06,-171.9,-5.78696,-5.30714,100
1.719,1.064,-171.918,-6.40772,-5.12113,100
1.72,1.061,-171.925,-5.97382,-5.34574,100
1.727,1.059,-171.936,-5.85469,-5.31166,100
1.73,1.053,-171.942,-6.03693,-5.41216,100
1.733,1.048,-171.957,-6.08589,-5.35391,100
1.721,1.053,-171.961,-6.51467,-5.07574,100
1.727,1.051,-171.959,-5.98754,-5.30821,100
1.717,1.053,-171.96,-6.4656,-5.20604,100
1.716,1.047,-171.963,-6.18231,-5.43979,100
1.716,1.051,-171.982,-6.17368,-5.15359,100
1.718,1.052,-171.976,-6.14776,-5.27674,100
1.724,1.046,-171.994,-6.08725,-5.47713,100
1.714,1.048,-172.011,-6.56526,-5.24156,100
1.723,1.049,-172.019,-6.02874,-5.29799,100
1.718,1.053,-172.035,-6.48015,-5.24516,100
1.719,1.044,-172.057,-6.3129,-5.62152,100
1.71,1.035,-172.078,-6.59886,-5.56443,100
1.72,1.04,-172.086,-6.07029,-5.15274,100
1.707,1.04,-172.103,-6.75754,-5.33438,100
1.715,1.033,-172.116,-6.14624,-5.52659,100
1.713,1.04,-172.133,-6.48824,-5.1309,100
1.704,1.037,-172.148,-6.67411,-5.45516,100
1.7,1.038,-172.155,-6.49992,-5.34478,100
1.705,1.033,-172.185,-6.26447,-5.51965,100
1.697,1.03,-172.206,-6.65824,-5.44382,100
1.708,1.038,-172.211,-6.1375,-5.1561,100
1.699,1.04,-172.236,-6.75664,-5.38708,100
1.701,1.037,-172.274,-6.43046,-5.54468,100
1.702,1.037,-172.287,-6.49631,-5.45961,100
1.698,1.041,-172.307,-6.65542,-5.37327,100
1.699,1.037,-172.335,-6.52122,-5.62286,100
1.681,1.036,-172.356,-7.03476,-5.52978,100
1.684,1.031,-172.381,-6.38301,-5.63796,100
1.672,1.037,-172.393,-6.81109,-5.33423,100
1.675,1.038,-172.409,-6.35921,-5.52384,100
1.671,1.039,-172.43,-6.58461,-5.5468,100
1.663,1.039,-172.45,-6.67789,-5.5951,100
1.663,1.037,-172.457,-6.43517,-5.6607,100
1.666,1.039,-172.471,-6.38316,-5.55833,100
1.67,1.035,-172.471,-6.40587,-5.74123,100
1.667,1.036,-172.489,-6.63921,-5.59748,100
1.659,1.035,-172.496,-6.76577,-5.67105,100
1.663,1.034,-172.501,-6.42171,-5.67794,100
1.652,1.037,-172.518,-6.8575,-5.58354,100
1.657,1.031,-172.529,-6.38803,-5.85039,100
1.656,1.033,-172.546,-6.60388,-5.6146,100
1.651,1.032,-172.551,-6.72098,-5.72146,100
1.65,1.036,-172.552,-6.60341,-5.60171,100
1.646,1.033,-172.567,-6.69511,-5.82592,100
1.651,1.035,-172.558,-6.45889,-5.69016,100
1.647,1.025,-172.576,-6.7506,-6.02492,100
1.645,1.028,-172.565,-6.69163,-5.63039,100
1.65,1.023,-172.576,-6.52205,-5.87178,100
1.65,1.028,-172.564,-6.71248,-5.59325,100
1.645,1.025,-172.573,-6.86283,-5.85068,100
1.641,1.029,-172.578,-6.82113,-5.66416,100
1.636,1.03,-172.591,-6.83802,-5.787,100
1.644,1.027,-172.595,-6.49236,-5.91112,100
1.639,1.029,-172.593,-6.9093,-5.77527,100
1.64,1.021,-172.609,-6.74091,-6.05931,100
1.636,1.022,-172.615,-6.89914,-5.78202,100
1.642,1.022,-172.63,-6.63745,-5.83007,100
1.643,1.025,-172.634,-6.83578,-5.76883,100
1.636,1.024,-172.649,-7.07,-5.90891,100
1.639,1.026,-172.673,-6.78427,-5.83969,100
1.638,1.031,-172.669,-6.93319,-5.79453,100
1.64,1.029,-172.692,-6.87281,-6.02668,100
1.633,1.028,-172.717,-7.14032,-6.00015,100
1.639,1.026,-172.727,-6.77859,-6.03226,100
1.648,1.028,-172.747,-6.77432,-5.92973,100
1.641,1.035,-172.767,-7.27528,-5.83397,100
1.645,1.027,-172.791,-6.96431,-6.28476,100
1.634,1.032,-172.818,-7.39983,-5.90628,100
1.646,1.029,-172.84,-6.75287,-6.16377,100
1.638,1.03,-172.862,-7.37912,-6.05327,100
1.637,1.022,-172.884,-7.16136,-6.30398,100
1.64,1.027,-172.91,-7.07565,-5.92544,100
1.641,1.032,-172.911,-7.17394,-5.9803,100
1.647,1.028,-172.943,-7.07899,-6.2631,100
1.631,1.03,-172.971,-7.70781,-6.09393,100
1.639,1.027,-172.972,-6.99541,-6.25139,100
1.64,1.028,-172.996,-7.26036,-6.14086,100
1.64,1.022,-173.01,-7.31731,-6.34091,100
1.63,1.024,-173.038,-7.59412,-6.10499,100
1.643,1.024,-173.035,-6.95511,-6.1864,100
1.633,1.025,-173.059,-7.66529,-6.17583,100
1.64,1.023,-173.061,-7.17824,-6.27456,100
1.632,1.026,-173.075,-7.63774,-6.14667,100
1.633,1.021,-173.087,-7.36926,-6.38804,100
1.631,1.024,-173.088,-7.47675,-6.16012,100
1.64,1.02,-173.114,-7.20569,-6.37614,100
1.63,1.02,-173.132,-7.7825,-6.25749,100
1.638,1.019,-173.127,-7.27009,-6.2975,100
1.636,1.022,-173.138,-7.61098,-6.20288,100
1.635,1.024,-173.147,-7.59319,-6.26696,100
1.638,1.023,-173.161,-7.50744,-6.37369,100
1.631,1.021,-173.158,-7.80826,-6.40573,100
1.644,1.021,-173.164,-7.26927,-6.35376,100
1.634,1.025,-173.173,-7.97947,-6.26719,100
1.64,1.025,-173.188,-7.51775,-6.41528,100
1.639,1.036,-173.197,-7.76668,-6.15153,100
1.637,1.035,-173.2,-7.80759,-6.55844,100
1.641,1.032,-173.211,-7.66322,-6.61597,100
1.637,1.031,-173.222,-7.92146,-6.55615,100
1.647,1.033,-173.22,-7.55851,-6.48702,100
1.634,1.03,-173.237,-8.24471,-6.64452,100
1.639,1.025,-173.257,-7.70831,-6.68595,100
1.643,1.028,-173.264,-7.7973,-6.45808,100
1.635,1.029,-173.284,-8.15684,-6.54757,100
1.639,1.034,-173.309,-7.81245,-6.46912,100
1.627,1.032,-173.329,-8.27321,-6.70132,100
1.642,1.032,-173.347,-7.51685,-6.64951,100
1.637,1.034,-173.369,-8.16709,-6.61373,100
1.634,1.031,-173.386,-8.09996,-6.77125,100
1.633,1.028,-173.418,-8.0488,-6.76205,100
1.636,1.017,-173.446,-7.96303,-6.95536,100
1.644,1.024,-173.448,-7.88404,-6.42611,100
1.63,1.025,-173.476,-8.52884,-6.64887,100
1.639,1.028,-173.5,-7.85778,-6.621,100
1.638,1.029,-173.508,-8.2067,-6.71049,100
1.646,1.027,-173.525,-7.9944,-6.80928,100
1.638,1.03,-173.547,-8.48732,-6.68144,100
1.632,1.022,-173.567,-8.39615,-6.99883,100
1.639,1.024,-173.584,-8.04242,-6.69624,100
1.637,1.019,-173.601,-8.34999,-6.90425,100
1.64,1.023,-173.619,-8.23094,-6.65098,100
1.628,1.028,-173.634,-8.65839,-6.67245,100
1.638,1.022,-173.65,-8.02864,-7.00583,100
1.635,1.025,-173.645,-8.46152,-6.74459,100
1.633,1.025,-173.654,-8.4357,-6.85935,100
1.63,1.021,-173.665,-8.46851,-6.97539,100
1.631,1.018,-173.662,-8.36666,-6.93271,100
1.64,1.02,-173.663,-8.19561,-6.79673,100
1.63,1.018,-173.674,-8.77241,-6.92873,100
1.636,1.015,-173.684,-8.31064,-6.95268,100
1.629,1.02,-173.698,-8.71143,-6.7407,100
1.637,1.017,-173.7,-8.299,-6.99801,100
1.624,1.016,-173.71,-8.91839,-6.93797,100
1.624,1.009,-173.717,-8.50844,-7.0965,100
1.621,1.01,-173.726,-8.60778,-6.85238,100
1.618,1.012,-173.729,-8.60708,-6.84962,100
1.626,1.01,-173.746,-8.32783,-6.9815,100
1.623,1.007,-173.767,-8.69387,-7.00533,100
1.638,1.013,-173.771,-8.23745,-6.76792,100
1.63,1.022,-173.787,-8.96359,-6.75463,100
1.635,1.016,-173.814,-8.5938,-7.22126,100
1.628,1.012,-173.829,-8.96125,-7.13717,100
1.631,1.011,-173.851,-8.6754,-7.04373,100
1.63,1.015,-173.877,-8.82421,-6.92368,100
1.62,1.005,-173.897,-9.06753,-7.32482,100
1.628,1.004,-173.929,-8.55498,-7.03127,100
1.622,1.007,-173.957,-8.997,-6.93644,100
1.632,1.011,-173.967,-8.56717,-6.94967,100
1.623,1.014,-174.001,-9.15187,-7.0216,100
1.63,1.009,-174.022,-8.69801,-7.2628,100
1.634,1.014,-174.024,-8.85354,-6.98407,100
1.63,1.006,-174.041,-9.11168,-7.36789,100
1.625,1.005,-174.064,-9.12841,-7.14102,100
1.621,1.007,-174.086,-9.08642,-7.07153,100
1.627,1.003,-174.087,-8.82452,-7.25397,100
1.619,1.005,-174.098,-9.2505,-7.08444,100
1.62,1.007,-174.111,-8.98183,-7.11494,100
1.626,1.002,-174.122,-8.88657,-7.3227,100
1.628,1.007,-174.133,-9.05935,-7.04387,100
1.625,1.011,-174.144,-9.22542,-7.12376,100
1.622,1.013,-174.147,-9.22477,-7.22102,100
1.621,1.012,-174.158,-9.17345,-7.32759,100
1.617,1.015,-174.152,-9.26473,-7.23287,100
1.622,1.012,-174.161,-9.02809,-7.42344,100
1.622,1.005,-174.158,-9.21811,-7.51525,100
1.613,1.005,-174.165,-9.46934,-7.29639,100
1.61,1.004,-174.173,-9.26852,-7.33618,100
1.618,1.005,-174.166,-8.98916,-7.29199,100
1.622,1.006,-174.177,-9.17785,-7.31447,100
1.615,1.009,-174.186,-9.51177,-7.28633,100
1.621,1.013,-174.194,-9.14978,-7.29959,100
1.611,1.013,-174.201,-9.62631,-7.44751,100
1.618,1.006,-174.217,-9.13894,-7.63933,100
1.612,1.007,-174.225,-9.54749,-7.39516,100
1.616,1.008,-174.231,-9.26943,-7.41768,100
1.612,1.006,-174.253,-9.52731,-7.51616,100
1.614,1.002,-174.278,-9.36655,-7.56526,100
1.616,1.007,-174.295,-9.40582,-7.31976,100
1.616,1.011,-174.305,-9.49576,-7.39965,100
1.622,1.012,-174.331,-9.36711,-7.52223,100
1.622,1.005,-174.359,-9.59047,-7.74736,100
1.623,1.014,-174.359,-9.58851,-7.30063,100
1.614,1.006,-174.383,-9.87308,-7.81779,100
1.62,1.007,-174.405,-9.44441,-7.54029,100
1.615,1.007,-174.424,-9.79433,-7.58812,100
1.616,1.012,-174.439,-9.6256,-7.47603,100
1.608,1.005,-174.468,-9.88476,-7.8345,100
1.616,1.001,-174.495,-9.43869,-7.71691,100
1.621,1.007,-174.492,-9.60204,-7.44608,100
1.616,1.009,-174.516,-9.91864,-7.60994,100
1.622,1.002,-174.533,-9.62333,-7.86837,100
1.617,1.008,-174.535,-9.97328,-7.49755,100
1.616,1.002,-174.542,-9.85522,-7.86398,100
1.621,1.009,-174.557,-9.71856,-7.50118,100
1.618,1.007,-174.568,-9.98453,-7.79968,100
1.619,1.005,-174.589,-9.88251,-7.79815,100
1.611,1.001,-174.602,-10.1417,-7.84723,100
1.623,0.997,-174.612,-9.59441,-7.82959,100
1.62,1.004,-174.616,-10.0937,-7.53338,100
