PID Gains,0.1,0,0
BaseSpeed,1200
Pitch,Roll,Yaw,Pid_output_X,pid_output_Y,pid_output_Z
1.617,0.972,-159.037,-0.1617,-0.0972,100
1.617,0.971,-159.04,-0.1617,-0.0971,100
1.619,0.975,-159.042,-0.1619,-0.0975,100
1.62,0.975,-159.044,-0.162,-0.0975,100
1.617,0.974,-159.043,-0.1617,-0.0974,100
1.619,0.975,-159.043,-0.1619,-0.0975,100
1.616,0.971,-159.036,-0.1616,-0.0971,100
1.616,0.971,-159.032,-0.1616,-0.0971,100
1.618,0.972,-159.053,-0.1618,-0.0972,100
1.617,0.974,-159.051,-0.1617,-0.0974,100
1.615,0.973,-159.043,-0.1615,-0.0973,100
1.619,0.971,-159.037,-0.1619,-0.0971,100
1.618,0.977,-159.065,-0.1618,-0.0977,100
1.619,0.975,-159.047,-0.1619,-0.0975,100
1.618,0.974,-159.042,-0.1618,-0.0974,100
1.618,0.972,-159.06,-0.1618,-0.0972,100
1.619,0.974,-159.076,-0.1619,-0.0974,100
1.617,0.973,-159.068,-0.1617,-0.0973,100
1.615,0.97,-159.069,-0.1615,-0.097,100
1.614,0.973,-159.072,-0.1614,-0.0973,100
1.617,0.976,-159.088,-0.1617,-0.0976,100
1.622,0.972,-159.092,-0.1622,-0.0972,100
1.62,0.973,-159.103,-0.162,-0.0973,100
1.619,0.974,-159.109,-0.1619,-0.0974,100
1.621,0.975,-159.125,-0.1621,-0.0975,100
1.619,0.974,-159.137,-0.1619,-0.0974,100
1.619,0.974,-159.139,-0.1619,-0.0974,100
1.621,0.972,-159.14,-0.1621,-0.0972,100
1.618,0.975,-159.16,-0.1618,-0.0975,100
1.619,0.973,-159.184,-0.1619,-0.0973,100
1.62,0.97,-159.188,-0.162,-0.097,100
1.623,0.974,-159.205,-0.1623,-0.0974,100
1.624,0.969,-159.182,-0.1624,-0.0969,100
1.63,0.971,-159.188,-0.163,-0.0971,100
1.622,0.973,-159.195,-0.1622,-0.0973,100
1.628,0.971,-159.205,-0.1628,-0.0971,100
1.627,0.974,-159.206,-0.1627,-0.0974,100
1.667,0.977,-159.185,-0.1667,-0.0977,100
1.688,1,-159.137,-0.1688,-0.1,100
1.687,0.992,-159.034,-0.1687,-0.0992,100
1.702,0.987,-159.019,-0.1702,-0.0987,100
1.682,0.995,-159.006,-0.1682,-0.0995,100
1.649,0.984,-159,-0.1649,-0.0984,100
1.66,0.976,-158.956,-0.166,-0.0976,100
1.649,0.968,-158.932,-0.1649,-0.0968,100
1.655,0.973,-158.897,-0.1655,-0.0973,100
1.656,0.982,-158.914,-0.1656,-0.0982,100
1.662,0.978,-158.96,-0.1662,-0.0978,100
1.672,0.98,-158.953,-0.1672,-0.098,100
1.67,0.98,-158.996,-0.167,-0.098,100
1.67,0.981,-159.078,-0.167,-0.0981,100
1.672,0.98,-159.099,-0.1672,-0.098,100
1.676,0.984,-159.153,-0.1676,-0.0984,100
1.683,0.985,-159.186,-0.1683,-0.0985,100
1.687,0.985,-159.205,-0.1687,-0.0985,100
1.686,0.985,-159.245,-0.1686,-0.0985,100
1.685,0.982,-159.244,-0.1685,-0.0982,100
1.698,0.995,-159.206,-0.1698,-0.0995,100
1.695,0.991,-159.161,-0.1695,-0.0991,100
1.694,0.988,-159.148,-0.1694,-0.0988,100
1.675,0.99,-159.099,-0.1675,-0.099,100
1.652,0.989,-159.08,-0.1652,-0.0989,100
1.652,0.987,-159.083,-0.1652,-0.0987,100
1.654,0.979,-159.1,-0.1654,-0.0979,100
1.653,0.98,-159.101,-0.1653,-0.098,100
1.635,0.987,-159.137,-0.1635,-0.0987,100
1.632,0.989,-159.148,-0.1632,-0.0989,100
1.632,1.007,-159.145,-0.1632,-0.1007,100
1.626,1.013,-159.146,-0.1626,-0.1013,100
1.625,1.015,-159.137,-0.1625,-0.1015,100
1.631,1.011,-159.127,-0.1631,-0.1011,100
1.64,0.997,-159.134,-0.164,-0.0997,100
1.655,0.991,-159.114,-0.1655,-0.0991,100
1.667,0.97,-159.118,-0.1667,-0.097,100
1.668,0.969,-159.137,-0.1668,-0.0969,100
1.695,0.988,-159.14,-0.1695,-0.0988,100
1.75,1.01,-159.164,-0.175,-0.101,100
1.795,1.042,-159.176,-0.1795,-0.1042,100
1.861,1.089,-159.243,-0.1861,-0.1089,100
1.919,1.13,-159.347,-0.1919,-0.113,100
1.951,1.148,-159.402,-0.1951,-0.1148,100
2.033,1.183,-159.54,-0.2033,-0.1183,100
2.131,1.246,-159.739,-0.2131,-0.1246,100
2.16,1.292,-159.859,-0.216,-0.1292,100
2.196,1.395,-160.124,-0.2196,-0.1395,100
2.242,1.447,-160.336,-0.2242,-0.1447,100
2.274,1.474,-160.373,-0.2274,-0.1474,100
2.31,1.525,-160.389,-0.231,-0.1525,100
2.344,1.5,-160.411,-0.2344,-0.15,100
2.374,1.478,-160.413,-0.2374,-0.1478,100
2.491,1.409,-160.513,-0.2491,-0.1409,100
2.779,1.316,-160.612,-0.2779,-0.1316,100
3.011,1.232,-160.633,-0.3011,-0.1232,100
3.649,0.942,-160.577,-0.3649,-0.0942,100
4.459,0.5,-160.375,-0.4459,-0.05,100
4.882,0.235,-160.228,-0.4882,-0.0235,100
5.736,-0.313,-159.893,-0.5736,0.0313,100
6.62,-0.863,-159.506,-0.662,0.0863,100
7.273,-1.214,-159.21,-0.7273,0.1214,100
7.676,-1.416,-159.021,-0.7676,0.1416,100
8.06,-1.575,-158.841,-0.806,0.1575,100
8.598,-1.748,-158.618,-0.8598,0.1748,100
9.09,-1.829,-158.491,-0.909,0.1829,100
9.362,-1.821,-158.462,-0.9362,0.1821,100
9.61,-1.785,-158.462,-0.961,0.1785,100
9.987,-1.646,-158.548,-0.9987,0.1646,100
10.111,-1.344,-158.707,-1.0111,0.1344,100
9.957,-1.049,-158.694,-0.9957,0.1049,100
9.746,-0.826,-158.623,-0.9746,0.0826,100
9.489,-0.634,-158.533,-0.9489,0.0634,100
9.119,-0.438,-158.361,-0.9119,0.0438,100
8.818,-0.316,-158.182,-0.8818,0.0316,100
8.504,-0.228,-157.976,-0.8504,0.0228,100
8.112,-0.172,-157.661,-0.8112,0.0172,100
7.872,-0.181,-157.428,-0.7872,0.0181,100
7.704,-0.226,-157.204,-0.7704,0.0226,100
7.539,-0.381,-156.914,-0.7539,0.0381,100
7.497,-0.575,-156.7,-0.7497,0.0575,100
7.534,-0.806,-156.518,-0.7534,0.0806,100
7.673,-1.148,-156.295,-0.7673,0.1148,100
7.824,-1.432,-156.17,-0.7824,0.1432,100
7.998,-1.753,-156.115,-0.7998,0.1753,100
8.228,-2.215,-156.121,-0.8228,0.2215,100
8.299,-2.594,-156.116,-0.8299,0.2594,100
8.264,-2.978,-156.114,-0.8264,0.2978,100
8.095,-3.482,-156.088,-0.8095,0.3482,100
7.889,-3.815,-156.077,-0.7889,0.3815,100
7.663,-4.101,-156.099,-0.7663,0.4101,100
7.328,-4.397,-156.184,-0.7328,0.4397,100
7.169,-4.486,-156.249,-0.7169,0.4486,100
6.847,-4.582,-156.362,-0.6847,0.4582,100
6.525,-4.498,-156.427,-0.6525,0.4498,100
6.314,-4.355,-156.423,-0.6314,0.4355,100
6.122,-4.117,-156.357,-0.6122,0.4117,100
5.899,-3.702,-156.187,-0.5899,0.3702,100
5.732,-3.323,-156.007,-0.5732,0.3323,100
5.59,-2.913,-155.776,-0.559,0.2913,100
5.403,-2.313,-155.374,-0.5403,0.2313,100
5.228,-1.818,-155.003,-0.5228,0.1818,100
5.037,-1.292,-154.594,-0.5037,0.1292,100
4.795,-0.568,-154.008,-0.4795,0.0568,100
4.62,-0.034,-153.561,-0.462,0.0034,100
4.44,0.471,-153.137,-0.444,-0.0471,100
4.126,1.024,-152.615,-0.4126,-0.1024,100
3.88,1.328,-152.303,-0.388,-0.1328,100
3.706,1.495,-152.124,-0.3706,-0.1495,100
3.525,1.599,-151.994,-0.3525,-0.1599,100
3.06,1.656,-151.778,-0.306,-0.1656,100
2.515,1.489,-151.648,-0.2515,-0.1489,100
2.216,1.323,-151.612,-0.2216,-0.1323,100
1.523,0.873,-151.553,-0.1523,-0.0873,100
0.696,0.237,-151.522,-0.0696,-0.0237,100
0.2,-0.138,-151.501,-0.02,0.0138,100
-0.844,-1.005,-151.478,0.0844,0.1005,100
-1.877,-2.127,-151.409,0.1877,0.2127,100
-2.336,-2.78,-151.332,0.2336,0.278,100
-3.042,-4.257,-151.18,0.3042,0.4257,100
-3.661,-5.782,-151.158,0.3661,0.5782,100
-4.018,-6.525,-151.17,0.4018,0.6525,100
-4.874,-7.962,-151.317,0.4874,0.7962,100
-5.102,-9.518,-151.304,0.5102,0.9518,100
-4.678,-10.404,-151.238,0.4678,1.0404,100
-2.831,-12.418,-151.45,0.2831,1.2418,100
0.044,-14.696,-152.18,-0.0044,1.4696,100
1.555,-15.987,-152.738,-0.1555,1.5987,100
4.819,-18.777,-153.504,-0.4819,1.8777,100
7.942,-21.669,-154.593,-0.7942,2.1669,100
9.415,-23.058,-154.858,-0.9415,2.3058,100
12.101,-25.441,-154.956,-1.2101,2.5441,100
14.1,-26.932,-154.546,-1.41,2.6932,100
14.784,-27.261,-154.262,-1.4784,2.7261,100
15.519,-27.083,-153.527,-1.5519,2.7083,100
15.374,-25.782,-152.761,-1.5374,2.5782,100
15.042,-24.76,-152.338,-1.5042,2.476,100
13.888,-22.081,-151.429,-1.3888,2.2081,100
12.322,-18.831,-150.526,-1.2322,1.8831,100
11.458,-17.105,-150.123,-1.1458,1.7105,100
9.66,-13.594,-149.379,-0.966,1.3594,100
7.924,-10.246,-148.788,-0.7924,1.0246,100
7.12,-8.677,-148.527,-0.712,0.8677,100
5.733,-5.873,-148.044,-0.5733,0.5873,100
4.473,-3.163,-147.476,-0.4473,0.3163,100
3.801,-1.658,-146.954,-0.3801,0.1658,100
3.494,-0.885,-146.566,-0.3494,0.0885,100
3.358,-0.518,-146.316,-0.3358,0.0518,100
3.286,-0.272,-146.105,-0.3286,0.0272,100
3.213,-0.095,-145.784,-0.3213,0.0095,100
3.155,-0.242,-145.583,-0.3155,0.0242,100
3.112,-0.398,-145.524,-0.3112,0.0398,100
2.947,-0.725,-145.435,-0.2947,0.0725,100
2.858,-0.871,-145.356,-0.2858,0.0871,100
2.848,-0.83,-145.305,-0.2848,0.083,100
2.91,-0.356,-145.181,-0.291,0.0356,100
3.107,0.635,-145.036,-0.3107,-0.0635,100
3.225,1.342,-144.94,-0.3225,-0.1342,100
3.518,3.093,-144.667,-0.3518,-0.3093,100
3.74,5.247,-144.22,-0.374,-0.5247,100
3.812,6.452,-143.939,-0.3812,-0.6452,100
3.86,9.026,-143.292,-0.386,-0.9026,100
3.726,11.761,-142.567,-0.3726,-1.1761,100
3.616,13.148,-142.181,-0.3616,-1.3148,100
3.267,15.925,-141.372,-0.3267,-1.5925,100
2.861,18.651,-140.551,-0.2861,-1.8651,100
2.646,19.966,-140.141,-0.2646,-1.9966,100
2.189,22.483,-139.379,-0.2189,-2.2483,100
1.728,24.727,-138.703,-0.1728,-2.4727,100
1.47,25.734,-138.414,-0.147,-2.5734,100
0.938,27.463,-137.961,-0.0938,-2.7463,100
0.329,28.754,-137.66,-0.0329,-2.8754,100
0.004,29.262,-137.552,-0.0004,-2.9262,100
-0.626,29.974,-137.416,0.0626,-2.9974,100
-1.217,30.384,-137.394,0.1217,-3.0384,100
-1.463,30.478,-137.4,0.1463,-3.0478,100
-1.87,30.489,-137.459,0.187,-3.0489,100
-2.135,30.332,-137.52,0.2135,-3.0332,100
-2.204,30.195,-137.561,0.2204,-3.0195,100
-2.218,29.911,-137.693,0.2218,-2.9911,100
-2.038,29.584,-137.87,0.2038,-2.9584,100
-1.917,29.412,-137.972,0.1917,-2.9412,100
-1.628,29.079,-138.178,0.1628,-2.9079,100
-1.313,28.762,-138.392,0.1313,-2.8762,100
-1.181,28.641,-138.506,0.1181,-2.8641,100
-0.919,28.456,-138.764,0.0919,-2.8456,100
-0.724,28.388,-139.085,0.0724,-2.8388,100
-0.646,28.389,-139.246,0.0646,-2.8389,100
-0.527,28.459,-139.554,0.0527,-2.8459,100
-0.489,28.648,-139.849,0.0489,-2.8648,100
-0.462,28.771,-139.999,0.0462,-2.8771,100
-0.457,29.06,-140.273,0.0457,-2.906,100
-0.456,29.366,-140.51,0.0456,-2.9366,100
-0.466,29.512,-140.606,0.0466,-2.9512,100
-0.51,29.803,-140.792,0.051,-2.9803,100
-0.53,30.041,-140.944,0.053,-3.0041,100
-0.554,30.149,-141.017,0.0554,-3.0149,100
-0.565,30.302,-141.142,0.0565,-3.0302,100
-0.594,30.343,-141.248,0.0594,-3.0343,100
-0.607,30.34,-141.311,0.0607,-3.034,100
-0.601,30.262,-141.417,0.0601,-3.0262,100
-0.574,30.151,-141.559,0.0574,-3.0151,100
-0.529,30.072,-141.627,0.0529,-3.0072,100
-0.444,29.845,-141.789,0.0444,-2.9845,100
-0.381,29.534,-141.949,0.0381,-2.9534,100
-0.362,29.319,-142.027,0.0362,-2.9319,100
-0.374,28.811,-142.26,0.0374,-2.8811,100
-0.398,28.096,-142.618,0.0398,-2.8096,100
-0.436,27.641,-142.872,0.0436,-2.7641,100
-0.547,26.486,-143.461,0.0547,-2.6486,100
-0.643,24.909,-144.185,0.0643,-2.4909,100
-0.682,23.965,-144.611,0.0682,-2.3965,100
-0.667,21.678,-145.56,0.0667,-2.1678,100
-0.596,18.892,-146.596,0.0596,-1.8892,100
-0.498,16.524,-147.39,0.0498,-1.6524,100
-0.419,14.841,-147.928,0.0419,-1.4841,100
-0.292,13.081,-148.469,0.0292,-1.3081,100
-0.067,10.357,-149.297,0.0067,-1.0357,100
0.22,7.589,-150.16,-0.022,-0.7589,100
0.51,4.833,-151.019,-0.051,-0.4833,100
0.882,1.255,-152.148,-0.0882,-0.1255,100
1.118,-1.309,-152.988,-0.1118,0.1309,100
1.294,-3.697,-153.822,-0.1294,0.3697,100
1.44,-6.626,-154.915,-0.144,0.6626,100
1.438,-8.586,-155.72,-0.1438,0.8586,100
1.398,-9.807,-156.236,-0.1398,0.9807,100
1.299,-10.962,-156.72,-0.1299,1.0962,100
1.014,-13.136,-157.59,-0.1014,1.3136,100
0.537,-15.177,-158.274,-0.0537,1.5177,100
0.281,-16.139,-158.564,-0.0281,1.6139,100
-0.179,-17.974,-159.04,0.0179,1.7974,100
-0.51,-19.676,-159.416,0.051,1.9676,100
-0.611,-20.503,-159.567,0.0611,2.0503,100
-0.761,-22.13,-159.789,0.0761,2.213,100
-0.794,-23.708,-159.896,0.0794,2.3708,100
-0.79,-24.49,-159.899,0.079,2.449,100
-0.761,-25.972,-159.824,0.0761,2.5972,100
-0.677,-27.373,-159.712,0.0677,2.7373,100
-0.639,-28.022,-159.649,0.0639,2.8022,100
-0.527,-29.216,-159.469,0.0527,2.9216,100
-0.462,-30.264,-159.228,0.0462,3.0264,100
-0.445,-30.698,-159.073,0.0445,3.0698,100
-0.448,-31.45,-158.755,0.0448,3.145,100
-0.495,-31.995,-158.403,0.0495,3.1995,100
-0.508,-32.205,-158.227,0.0508,3.2205,100
-0.546,-32.53,-157.854,0.0546,3.253,100
-0.583,-32.735,-157.461,0.0583,3.2735,100
-0.604,-32.823,-157.268,0.0604,3.2823,100
-0.651,-32.959,-156.819,0.0651,3.2959,100
-0.677,-33.091,-156.377,0.0677,3.3091,100
-0.69,-33.16,-156.134,0.069,3.316,100
-0.719,-33.279,-155.807,0.0719,3.3279,100
-0.749,-33.416,-155.469,0.0749,3.3416,100
-0.772,-33.524,-155.242,0.0772,3.3524,100
-0.798,-33.633,-155.029,0.0798,3.3633,100
-0.806,-33.874,-154.623,0.0806,3.3874,100
-0.812,-34.126,-154.259,0.0812,3.4126,100
-0.799,-34.25,-154.106,0.0799,3.425,100
-0.762,-34.509,-153.834,0.0762,3.4509,100
-0.729,-34.732,-153.59,0.0729,3.4732,100
-0.709,-34.84,-153.486,0.0709,3.484,100
-0.709,-35.015,-153.283,0.0709,3.5015,100
-0.713,-35.129,-153.109,0.0713,3.5129,100
-0.73,-35.165,-153.032,0.073,3.5165,100
-0.782,-35.182,-152.88,0.0782,3.5182,100
-0.857,-35.175,-152.74,0.0857,3.5175,100
-0.908,-35.151,-152.653,0.0908,3.5151,100
-1.004,-35.064,-152.511,0.1004,3.5064,100
-1.109,-34.935,-152.38,0.1109,3.4935,100
-1.157,-34.85,-152.336,0.1157,3.485,100
-1.215,-34.676,-152.251,0.1215,3.4676,100
-1.279,-34.436,-152.165,0.1279,3.4436,100
-1.302,-34.256,-152.103,0.1302,3.4256,100
-1.306,-34.15,-152.051,0.1306,3.415,100
-1.307,-34.067,-152.03,0.1307,3.4067,100
-1.301,-34.006,-152.021,0.1301,3.4006,100
-1.313,-33.999,-152.019,0.1313,3.3999,100
-1.315,-34.033,-152.002,0.1315,3.4033,100
-1.343,-34.139,-152.008,0.1343,3.4139,100
-1.387,-34.241,-152.02,0.1387,3.4241,100
-1.456,-34.371,-152.039,0.1456,3.4371,100
-1.558,-34.568,-152.051,0.1558,3.4568,100
-1.628,-34.72,-152.068,0.1628,3.472,100
-1.696,-34.818,-152.089,0.1696,3.4818,100
-1.746,-34.917,-152.093,0.1746,3.4917,100
-1.859,-35.057,-152.127,0.1859,3.5057,100
-1.961,-35.185,-152.163,0.1961,3.5185,100
-2.014,-35.247,-152.184,0.2014,3.5247,100
-2.072,-35.307,-152.225,0.2072,3.5307,100
-2.137,-35.351,-152.263,0.2137,3.5351,100
-2.184,-35.367,-152.313,0.2184,3.5367,100
-2.215,-35.331,-152.366,0.2215,3.5331,100
-2.231,-35.285,-152.402,0.2231,3.5285,100
-2.216,-35.06,-152.43,0.2216,3.506,100
-2.159,-34.648,-152.381,0.2159,3.4648,100
-2.108,-34.327,-152.302,0.2108,3.4327,100
-1.91,-33.43,-152.108,0.191,3.343,100
-1.468,-31.76,-151.766,0.1468,3.176,100
-1.018,-30.015,-151.38,0.1018,3.0015,100
-0.644,-28.512,-151,0.0644,2.8512,100
-0.367,-27.396,-150.705,0.0367,2.7396,100
-0.061,-26.232,-150.353,0.0061,2.6232,100
0.392,-24.378,-149.752,-0.0392,2.4378,100
0.81,-22.398,-149.063,-0.081,2.2398,100
1.082,-21.036,-148.545,-0.1082,2.1036,100
1.316,-19.647,-148.015,-0.1316,1.9647,100
1.694,-16.756,-146.866,-0.1694,1.6756,100
2.005,-13.778,-145.651,-0.2005,1.3778,100
2.101,-12.258,-145.028,-0.2101,1.2258,100
2.178,-9.19,-143.789,-0.2178,0.919,100
2.066,-6.116,-142.582,-0.2066,0.6116,100
1.954,-4.58,-141.995,-0.1954,0.458,100
1.693,-1.543,-140.889,-0.1693,0.1543,100
1.323,1.435,-139.837,-0.1323,-0.1435,100
1.134,2.891,-139.337,-0.1134,-0.2891,100
0.721,5.725,-138.408,-0.0721,-0.5725,100
0.38,8.434,-137.573,-0.038,-0.8434,100
0.259,9.713,-137.176,-0.0259,-0.9713,100
0.035,12.101,-136.445,-0.0035,-1.2101,100
-0.128,14.172,-135.786,0.0128,-1.4172,100
-0.226,15.078,-135.478,0.0226,-1.5078,100
-0.428,16.602,-134.948,0.0428,-1.6602,100
-0.66,17.712,-134.505,0.066,-1.7712,100
-0.794,18.145,-134.328,0.0794,-1.8145,100
-1.035,18.798,-134.006,0.1035,-1.8798,100
-1.283,19.286,-133.77,0.1283,-1.9286,100
-1.395,19.503,-133.682,0.1395,-1.9503,100
-1.6,19.914,-133.577,0.16,-1.9914,100
-1.815,20.362,-133.559,0.1815,-2.0362,100
-1.913,20.591,-133.55,0.1913,-2.0591,100
-2.149,21.105,-133.563,0.2149,-2.1105,100
-2.383,21.698,-133.573,0.2383,-2.1698,100
-2.5,22.019,-133.593,0.25,-2.2019,100
-2.721,22.721,-133.646,0.2721,-2.2721,100
-2.878,23.391,-133.708,0.2878,-2.3391,100
-2.962,23.714,-133.748,0.2962,-2.3714,100
-3.113,24.312,-133.813,0.3113,-2.4312,100
-3.269,24.839,-133.893,0.3269,-2.4839,100
-3.337,25.076,-133.94,0.3337,-2.5076,100
-3.411,25.42,-134.07,0.3411,-2.542,100
-3.484,25.614,-134.237,0.3484,-2.5614,100
-3.496,25.643,-134.321,0.3496,-2.5643,100
-3.517,25.601,-134.491,0.3517,-2.5601,100
-3.485,25.474,-134.667,0.3485,-2.5474,100
-3.434,25.371,-134.757,0.3434,-2.5371,100
-3.309,25.133,-134.922,0.3309,-2.5133,100
-3.101,24.83,-135.064,0.3101,-2.483,100
-2.944,24.592,-135.15,0.2944,-2.4592,100
-2.785,24.347,-135.229,0.2785,-2.4347,100
-2.56,24.019,-135.338,0.256,-2.4019,100
-2.385,23.797,-135.421,0.2385,-2.3797,100
-2.22,23.606,-135.494,0.222,-2.3606,100
-2.025,23.384,-135.581,0.2025,-2.3384,100
-1.872,23.24,-135.638,0.1872,-2.324,100
-1.785,23.156,-135.668,0.1785,-2.3156,100
-1.692,23.067,-135.686,0.1692,-2.3067,100
-1.578,22.933,-135.731,0.1578,-2.2933,100
-1.47,22.767,-135.79,0.147,-2.2767,100
-1.387,22.628,-135.859,0.1387,-2.2628,100
-1.313,22.454,-135.94,0.1313,-2.2454,100
-1.211,22.136,-136.09,0.1211,-2.2136,100
-1.143,21.875,-136.21,0.1143,-2.1875,100
-1.023,21.428,-136.428,0.1023,-2.1428,100
-0.933,21.084,-136.609,0.0933,-2.1084,100
-0.698,20.305,-137.036,0.0698,-2.0305,100
-0.412,19.384,-137.529,0.0412,-1.9384,100
-0.271,18.89,-137.791,0.0271,-1.889,100
0.035,17.81,-138.312,-0.0035,-1.781,100
0.306,16.672,-138.841,-0.0306,-1.6672,100
0.441,16.101,-139.099,-0.0441,-1.6101,100
0.615,15.242,-139.478,-0.0615,-1.5242,100
0.721,14.696,-139.705,-0.0721,-1.4696,100
0.825,13.932,-140.01,-0.0825,-1.3932,100
0.897,13.246,-140.282,-0.0897,-1.3246,100
0.94,12.654,-140.53,-0.094,-1.2654,100
0.937,12.038,-140.824,-0.0937,-1.2038,100
0.865,11.703,-141.01,-0.0865,-1.1703,100
0.753,11.465,-141.153,-0.0753,-1.1465,100
0.578,11.275,-141.284,-0.0578,-1.1275,100
0.427,11.224,-141.357,-0.0427,-1.1224,100
0.319,11.217,-141.418,-0.0319,-1.1217,100
0.218,11.225,-141.486,-0.0218,-1.1225,100
0.055,11.2,-141.686,-0.0055,-1.12,100
-0.12,11.053,-141.922,0.012,-1.1053,100
-0.191,10.913,-142.057,0.0191,-1.0913,100
-0.337,10.471,-142.312,0.0337,-1.0471,100
-0.48,9.851,-142.574,0.048,-0.9851,100
-0.525,9.461,-142.706,0.0525,-0.9461,100
-0.599,8.57,-143.017,0.0599,-0.857,100
-0.575,7.519,-143.405,0.0575,-0.7519,100
-0.549,6.936,-143.62,0.0549,-0.6936,100
-0.488,5.714,-144.048,0.0488,-0.5714,100
-0.394,4.431,-144.457,0.0394,-0.4431,100
-0.358,3.804,-144.66,0.0358,-0.3804,100
-0.241,2.612,-145.057,0.0241,-0.2612,100
-0.132,1.534,-145.433,0.0132,-0.1534,100
-0.074,1.06,-145.618,0.0074,-0.106,100
0.06,0.227,-145.991,-0.006,-0.0227,100
0.187,-0.405,-146.338,-0.0187,0.0405,100
0.269,-0.656,-146.503,-0.0269,0.0656,100
0.409,-1.043,-146.793,-0.0409,0.1043,100
0.541,-1.268,-147.029,-0.0541,0.1268,100
0.606,-1.351,-147.123,-0.0606,0.1351,100
0.715,-1.43,-147.256,-0.0715,0.143,100
0.833,-1.466,-147.313,-0.0833,0.1466,100
0.862,-1.467,-147.308,-0.0862,0.1467,100
0.917,-1.439,-147.265,-0.0917,0.1439,100
0.952,-1.396,-147.188,-0.0952,0.1396,100
0.957,-1.359,-147.136,-0.0957,0.1359,100
0.98,-1.299,-147.02,-0.098,0.1299,100
0.954,-1.236,-146.874,-0.0954,0.1236,100
0.946,-1.204,-146.799,-0.0946,0.1204,100
0.909,-1.15,-146.639,-0.0909,0.115,100
0.844,-1.09,-146.478,-0.0844,0.109,100
0.812,-1.072,-146.407,-0.0812,0.1072,100
0.702,-1.022,-146.274,-0.0702,0.1022,100
0.589,-0.967,-146.16,-0.0589,0.0967,100
0.521,-0.938,-146.106,-0.0521,0.0938,100
0.39,-0.847,-146.013,-0.039,0.0847,100
0.296,-0.756,-145.944,-0.0296,0.0756,100
0.244,-0.699,-145.911,-0.0244,0.0699,100
0.176,-0.583,-145.859,-0.0176,0.0583,100
0.071,-0.465,-145.81,-0.0071,0.0465,100
0.015,-0.407,-145.789,-0.0015,0.0407,100
-0.101,-0.301,-145.749,0.0101,0.0301,100
-0.274,-0.191,-145.73,0.0274,0.0191,100
-0.36,-0.142,-145.743,0.036,0.0142,100
-0.602,-0.069,-145.792,0.0602,0.0069,100
-0.878,-0.01,-145.858,0.0878,0.001,100
-1.031,0.001,-145.885,0.1031,-0.0001,100
-1.368,0.026,-145.951,0.1368,-0.0026,100
-1.663,0.025,-146.047,0.1663,-0.0025,100
-1.879,0.012,-146.145,0.1879,-0.0012,100
-2.074,-0.024,-146.253,0.2074,0.0024,100
-2.289,-0.117,-146.403,0.2289,0.0117,100
-2.405,-0.217,-146.5,0.2405,0.0217,100
-2.495,-0.364,-146.582,0.2495,0.0364,100
-2.594,-0.587,-146.675,0.2594,0.0587,100
-2.611,-0.712,-146.716,0.2611,0.0712,100
-2.636,-0.985,-146.809,0.2636,0.0985,100
-2.626,-1.27,-146.871,0.2626,0.127,100
-2.613,-1.429,-146.899,0.2613,0.1429,100
-2.639,-1.736,-146.924,0.2639,0.1736,100
-2.691,-2.053,-146.926,0.2691,0.2053,100
-2.751,-2.203,-146.925,0.2751,0.2203,100
-2.91,-2.483,-146.888,0.291,0.2483,100
-3.107,-2.735,-146.823,0.3107,0.2735,100
-3.258,-2.874,-146.749,0.3258,0.2874,100
-3.411,-2.962,-146.687,0.3411,0.2962,100
-3.59,-3.011,-146.605,0.359,0.3011,100
-3.676,-2.996,-146.562,0.3676,0.2996,100
-3.724,-2.929,-146.502,0.3724,0.2929,100
-3.748,-2.78,-146.443,0.3748,0.278,100
-3.727,-2.64,-146.393,0.3727,0.264,100
-3.688,-2.493,-146.373,0.3688,0.2493,100
-3.626,-2.288,-146.358,0.3626,0.2288,100
-3.602,-2.141,-146.367,0.3602,0.2141,100
-3.593,-2.012,-146.39,0.3593,0.2012,100
-3.578,-1.884,-146.44,0.3578,0.1884,100
-3.59,-1.831,-146.458,0.359,0.1831,100
-3.603,-1.739,-146.509,0.3603,0.1739,100
-3.642,-1.68,-146.553,0.3642,0.168,100
-3.661,-1.655,-146.582,0.3661,0.1655,100
-3.663,-1.662,-146.622,0.3663,0.1662,100
-3.692,-1.701,-146.649,0.3692,0.1701,100
-3.708,-1.76,-146.644,0.3708,0.176,100
-3.722,-1.846,-146.62,0.3722,0.1846,100
-3.742,-1.967,-146.544,0.3742,0.1967,100
-3.753,-2.077,-146.464,0.3753,0.2077,100
-3.759,-2.19,-146.362,0.3759,0.219,100
-3.752,-2.356,-146.227,0.3752,0.2356,100
-3.769,-2.476,-146.127,0.3769,0.2476,100
-3.79,-2.596,-146.033,0.379,0.2596,100
-3.81,-2.743,-145.92,0.381,0.2743,100
-3.816,-2.823,-145.844,0.3816,0.2823,100
-3.818,-2.892,-145.786,0.3818,0.2892,100
-3.811,-2.968,-145.718,0.3811,0.2968,100
-3.767,-3.029,-145.674,0.3767,0.3029,100
-3.715,-3.086,-145.629,0.3715,0.3086,100
-3.662,-3.166,-145.567,0.3662,0.3166,100
-3.624,-3.233,-145.537,0.3624,0.3233,100
-3.583,-3.274,-145.516,0.3583,0.3274,100
-3.545,-3.315,-145.5,0.3545,0.3315,100
-3.483,-3.385,-145.466,0.3483,0.3385,100
-3.387,-3.451,-145.441,0.3387,0.3451,100
-3.36,-3.482,-145.419,0.336,0.3482,100
-3.315,-3.54,-145.38,0.3315,0.354,100
-3.308,-3.6,-145.341,0.3308,0.36,100
-3.323,-3.616,-145.328,0.3323,0.3616,100
-3.351,-3.637,-145.313,0.3351,0.3637,100
-3.417,-3.631,-145.312,0.3417,0.3631,100
-3.434,-3.615,-145.319,0.3434,0.3615,100
-3.467,-3.585,-145.344,0.3467,0.3585,100
-3.485,-3.533,-145.368,0.3485,0.3533,100
-3.472,-3.514,-145.377,0.3472,0.3514,100
-3.473,-3.492,-145.388,0.3473,0.3492,100
-3.447,-3.496,-145.384,0.3447,0.3496,100
-3.45,-3.51,-145.376,0.345,0.351,100
-3.47,-3.532,-145.346,0.347,0.3532,100
-3.484,-3.574,-145.329,0.3484,0.3574,100
-3.508,-3.587,-145.324,0.3508,0.3587,100
-3.529,-3.618,-145.329,0.3529,0.3618,100
-3.578,-3.657,-145.349,0.3578,0.3657,100
-3.602,-3.676,-145.367,0.3602,0.3676,100
-3.644,-3.731,-145.415,0.3644,0.3731,100
-3.72,-3.778,-145.482,0.372,0.3778,100
-3.743,-3.8,-145.517,0.3743,0.38,100
-3.83,-3.842,-145.589,0.383,0.3842,100
-3.897,-3.836,-145.665,0.3897,0.3836,100
-3.922,-3.823,-145.712,0.3922,0.3823,100
-3.965,-3.742,-145.82,0.3965,0.3742,100
-3.952,-3.637,-145.944,0.3952,0.3637,100
-3.959,-3.58,-146.004,0.3959,0.358,100
-3.96,-3.468,-146.112,0.396,0.3468,100
-3.974,-3.373,-146.206,0.3974,0.3373,100
-3.983,-3.321,-146.242,0.3983,0.3321,100
-3.977,-3.257,-146.31,0.3977,0.3257,100
-3.99,-3.206,-146.358,0.399,0.3206,100
-3.975,-3.191,-146.38,0.3975,0.3191,100
-3.942,-3.179,-146.411,0.3942,0.3179,100
-3.894,-3.183,-146.426,0.3894,0.3183,100
-3.86,-3.202,-146.43,0.386,0.3202,100
-3.818,-3.238,-146.422,0.3818,0.3238,100
-3.756,-3.283,-146.406,0.3756,0.3283,100
-3.737,-3.303,-146.398,0.3737,0.3303,100
-3.696,-3.317,-146.372,0.3696,0.3317,100
-3.638,-3.312,-146.37,0.3638,0.3312,100
-3.617,-3.293,-146.364,0.3617,0.3293,100
-3.538,-3.241,-146.37,0.3538,0.3241,100
-3.486,-3.176,-146.374,0.3486,0.3176,100
-3.457,-3.145,-146.375,0.3457,0.3145,100
-3.399,-3.076,-146.364,0.3399,0.3076,100
-3.366,-2.984,-146.344,0.3366,0.2984,100
-3.337,-2.934,-146.336,0.3337,0.2934,100
-3.315,-2.833,-146.322,0.3315,0.2833,100
-3.281,-2.718,-146.303,0.3281,0.2718,100
-3.27,-2.664,-146.294,0.327,0.2664,100
-3.262,-2.544,-146.283,0.3262,0.2544,100
-3.232,-2.448,-146.272,0.3232,0.2448,100
-3.243,-2.405,-146.26,0.3243,0.2405,100
-3.247,-2.332,-146.216,0.3247,0.2332,100
-3.282,-2.281,-146.156,0.3282,0.2281,100
-3.304,-2.245,-146.105,0.3304,0.2245,100
-3.339,-2.231,-146.065,0.3339,0.2231,100
-3.361,-2.216,-146.028,0.3361,0.2216,100
-3.414,-2.212,-145.962,0.3414,0.2212,100
-3.463,-2.22,-145.889,0.3463,0.222,100
-3.495,-2.211,-145.85,0.3495,0.2211,100
-3.519,-2.217,-145.801,0.3519,0.2217,100
-3.589,-2.214,-145.718,0.3589,0.2214,100
-3.622,-2.204,-145.641,0.3622,0.2204,100
-3.642,-2.21,-145.605,0.3642,0.221,100
-3.691,-2.202,-145.513,0.3691,0.2202,100
-3.722,-2.207,-145.401,0.3722,0.2207,100
-3.754,-2.198,-145.346,0.3754,0.2198,100
-3.788,-2.185,-145.212,0.3788,0.2185,100
-3.827,-2.151,-145.07,0.3827,0.2151,100
-3.839,-2.115,-144.981,0.3839,0.2115,100
-3.833,-2.022,-144.831,0.3833,0.2022,100
-3.845,-1.886,-144.658,0.3845,0.1886,100
-3.836,-1.812,-144.581,0.3836,0.1812,100
-3.84,-1.647,-144.401,0.384,0.1647,100
-3.828,-1.465,-144.214,0.3828,0.1465,100
-3.817,-1.371,-144.122,0.3817,0.1371,100
-3.813,-1.18,-143.928,0.3813,0.118,100
-3.763,-1.01,-143.723,0.3763,0.101,100
-3.747,-0.928,-143.608,0.3747,0.0928,100
-3.698,-0.767,-143.394,0.3698,0.0767,100
-3.658,-0.63,-143.197,0.3658,0.063,100
-3.651,-0.559,-143.106,0.3651,0.0559,100
-3.619,-0.431,-142.955,0.3619,0.0431,100
-3.639,-0.304,-142.843,0.3639,0.0304,100
-3.642,-0.241,-142.814,0.3642,0.0241,100
-3.678,-0.142,-142.779,0.3678,0.0142,100
-3.73,-0.043,-142.786,0.373,0.0043,100
-3.745,-0.007,-142.801,0.3745,0.0007,100
-3.79,0.052,-142.866,0.379,-0.0052,100
-3.793,0.081,-142.965,0.3793,-0.0081,100
-3.8,0.08,-143.016,0.38,-0.008,100
-3.801,0.081,-143.133,0.3801,-0.0081,100
-3.774,0.054,-143.251,0.3774,-0.0054,100
-3.771,0.046,-143.32,0.3771,-0.0046,100
-3.742,0.005,-143.436,0.3742,-0.0005,100
-3.754,-0.045,-143.546,0.3754,0.0045,100
-3.759,-0.064,-143.588,0.3759,0.0064,100
-3.769,-0.122,-143.67,0.3769,0.0122,100
-3.812,-0.164,-143.718,0.3812,0.0164,100
-3.822,-0.188,-143.726,0.3822,0.0188,100
-3.87,-0.216,-143.732,0.387,0.0216,100
-3.902,-0.223,-143.723,0.3902,0.0223,100
-3.919,-0.225,-143.725,0.3919,0.0225,100
-3.973,-0.209,-143.691,0.3973,0.0209,100
-3.996,-0.203,-143.645,0.3996,0.0203,100
-4.021,-0.196,-143.611,0.4021,0.0196,100
-4.043,-0.177,-143.555,0.4043,0.0177,100
-4.069,-0.175,-143.505,0.4069,0.0175,100
-4.083,-0.171,-143.478,0.4083,0.0171,100
-4.074,-0.18,-143.427,0.4074,0.018,100
-4.082,-0.185,-143.38,0.4082,0.0185,100
-4.064,-0.19,-143.366,0.4064,0.019,100
-4.034,-0.207,-143.328,0.4034,0.0207,100
-3.98,-0.213,-143.289,0.398,0.0213,100
-3.94,-0.22,-143.273,0.394,0.022,100
-3.888,-0.235,-143.245,0.3888,0.0235,100
-3.82,-0.246,-143.242,0.382,0.0246,100
-3.785,-0.251,-143.242,0.3785,0.0251,100
-3.761,-0.239,-143.244,0.3761,0.0239,100
-3.722,-0.218,-143.273,0.3722,0.0218,100
-3.697,-0.176,-143.306,0.3697,0.0176,100
-3.68,-0.136,-143.333,0.368,0.0136,100
-3.687,-0.064,-143.368,0.3687,0.0064,100
-3.686,-0.002,-143.392,0.3686,0.0002,100
-3.696,0.062,-143.419,0.3696,-0.0062,100
-3.737,0.158,-143.447,0.3737,-0.0158,100
-3.778,0.222,-143.472,0.3778,-0.0222,100
-3.801,0.271,-143.49,0.3801,-0.0271,100
-3.827,0.312,-143.513,0.3827,-0.0312,100
-3.881,0.375,-143.537,0.3881,-0.0375,100
-3.943,0.436,-143.571,0.3943,-0.0436,100
-3.97,0.464,-143.586,0.397,-0.0464,100
-4.007,0.488,-143.609,0.4007,-0.0488,100
-4.072,0.543,-143.644,0.4072,-0.0543,100
-4.109,0.569,-143.673,0.4109,-0.0569,100
-4.135,0.585,-143.683,0.4135,-0.0585,100
-4.136,0.596,-143.713,0.4136,-0.0596,100
-4.146,0.596,-143.748,0.4146,-0.0596,100
-4.134,0.597,-143.767,0.4134,-0.0597,100
-4.103,0.578,-143.816,0.4103,-0.0578,100
-4.09,0.569,-143.865,0.409,-0.0569,100
-4.075,0.558,-143.9,0.4075,-0.0558,100
-4.089,0.54,-143.964,0.4089,-0.054,100
-4.096,0.535,-144.039,0.4096,-0.0535,100
-4.113,0.532,-144.077,0.4113,-0.0532,100
-4.172,0.557,-144.158,0.4172,-0.0557,100
-4.206,0.592,-144.24,0.4206,-0.0592,100
-4.234,0.619,-144.275,0.4234,-0.0619,100
-4.255,0.697,-144.347,0.4255,-0.0697,100
-4.275,0.776,-144.415,0.4275,-0.0776,100
-4.284,0.828,-144.452,0.4284,-0.0828,100
-4.27,0.923,-144.515,0.427,-0.0923,100
-4.28,1.029,-144.57,0.428,-0.1029,100
-4.276,1.096,-144.603,0.4276,-0.1096,100
-4.272,1.142,-144.631,0.4272,-0.1142,100
-4.264,1.182,-144.657,0.4264,-0.1182,100
-4.276,1.231,-144.697,0.4276,-0.1231,100
-4.291,1.279,-144.745,0.4291,-0.1279,100
-4.29,1.303,-144.778,0.429,-0.1303,100
-4.296,1.327,-144.819,0.4296,-0.1327,100
-4.301,1.373,-144.887,0.4301,-0.1373,100
-4.298,1.41,-144.964,0.4298,-0.141,100
-4.285,1.433,-145.016,0.4285,-0.1433,100
-4.277,1.456,-145.069,0.4277,-0.1456,100
-4.212,1.498,-145.176,0.4212,-0.1498,100
-4.146,1.509,-145.272,0.4146,-0.1509,100
-4.109,1.517,-145.313,0.4109,-0.1517,100
-4.007,1.506,-145.392,0.4007,-0.1506,100
-3.935,1.496,-145.453,0.3935,-0.1496,100
-3.883,1.488,-145.482,0.3883,-0.1488,100
-3.815,1.464,-145.54,0.3815,-0.1464,100
-3.751,1.448,-145.588,0.3751,-0.1448,100
-3.716,1.428,-145.608,0.3716,-0.1428,100
-3.657,1.406,-145.621,0.3657,-0.1406,100
-3.548,1.371,-145.618,0.3548,-0.1371,100
-3.501,1.35,-145.605,0.3501,-0.135,100
-3.403,1.32,-145.568,0.3403,-0.132,100
-3.312,1.279,-145.512,0.3312,-0.1279,100
-3.279,1.271,-145.481,0.3279,-0.1271,100
-3.181,1.238,-145.421,0.3181,-0.1238,100
-3.107,1.205,-145.367,0.3107,-0.1205,100
-3.059,1.183,-145.343,0.3059,-0.1183,100
-2.956,1.122,-145.303,0.2956,-0.1122,100
-2.858,1.062,-145.264,0.2858,-0.1062,100
-2.798,1.026,-145.25,0.2798,-0.1026,100
-2.718,0.959,-145.216,0.2718,-0.0959,100
-2.62,0.899,-145.18,0.262,-0.0899,100
-2.585,0.874,-145.161,0.2585,-0.0874,100
-2.536,0.844,-145.13,0.2536,-0.0844,100
-2.485,0.812,-145.117,0.2485,-0.0812,100
-2.482,0.809,-145.111,0.2482,-0.0809,100
-2.451,0.824,-145.122,0.2451,-0.0824,100
-2.461,0.852,-145.155,0.2461,-0.0852,100
-2.474,0.881,-145.186,0.2474,-0.0881,100
-2.505,0.931,-145.253,0.2505,-0.0931,100
-2.599,0.997,-145.332,0.2599,-0.0997,100
-2.635,1.032,-145.369,0.2635,-0.1032,100
-2.741,1.093,-145.44,0.2741,-0.1093,100
-2.82,1.163,-145.484,0.282,-0.1163,100
-2.85,1.187,-145.496,0.285,-0.1187,100
-2.902,1.251,-145.498,0.2902,-0.1251,100
-2.904,1.287,-145.483,0.2904,-0.1287,100
-2.916,1.297,-145.474,0.2916,-0.1297,100
-2.933,1.297,-145.438,0.2933,-0.1297,100
-2.977,1.255,-145.395,0.2977,-0.1255,100
-3.02,1.235,-145.373,0.302,-0.1235,100
-3.099,1.149,-145.335,0.3099,-0.1149,100
-3.231,1.061,-145.306,0.3231,-0.1061,100
-3.287,1.017,-145.29,0.3287,-0.1017,100
-3.396,0.943,-145.292,0.3396,-0.0943,100
-3.483,0.908,-145.304,0.3483,-0.0908,100
-3.505,0.892,-145.322,0.3505,-0.0892,100
-3.551,0.878,-145.328,0.3551,-0.0878,100
-3.534,0.87,-145.317,0.3534,-0.087,100
-3.524,0.868,-145.303,0.3524,-0.0868,100
-3.504,0.87,-145.255,0.3504,-0.087,100
-3.461,0.868,-145.206,0.3461,-0.0868,100
-3.456,0.874,-145.173,0.3456,-0.0874,100
-3.423,0.904,-145.136,0.3423,-0.0904,100
-3.423,0.938,-145.108,0.3423,-0.0938,100
-3.422,0.96,-145.105,0.3422,-0.096,100
-3.41,0.988,-145.088,0.341,-0.0988,100
-3.425,1.017,-145.072,0.3425,-0.1017,100
-3.412,1.027,-145.066,0.3412,-0.1027,100
-3.412,1.028,-145.051,0.3412,-0.1028,100
-3.384,1.021,-145.033,0.3384,-0.1021,100
-3.365,1.003,-145.018,0.3365,-0.1003,100
-3.329,0.974,-144.992,0.3329,-0.0974,100
-3.248,0.919,-144.974,0.3248,-0.0919,100
-3.216,0.883,-144.964,0.3216,-0.0883,100
-3.12,0.812,-144.939,0.312,-0.0812,100
-3.021,0.722,-144.907,0.3021,-0.0722,100
-2.978,0.688,-144.897,0.2978,-0.0688,100
-2.878,0.596,-144.871,0.2878,-0.0596,100
-2.832,0.524,-144.847,0.2832,-0.0524,100
-2.803,0.497,-144.825,0.2803,-0.0497,100
-2.77,0.454,-144.803,0.277,-0.0454,100
-2.749,0.455,-144.772,0.2749,-0.0455,100
-2.732,0.453,-144.758,0.2732,-0.0453,100
-2.727,0.494,-144.716,0.2727,-0.0494,100
-2.688,0.557,-144.678,0.2688,-0.0557,100
-2.679,0.598,-144.669,0.2679,-0.0598,100
-2.664,0.695,-144.639,0.2664,-0.0695,100
-2.644,0.775,-144.615,0.2644,-0.0775,100
-2.654,0.821,-144.59,0.2654,-0.0821,100
-2.647,0.898,-144.575,0.2647,-0.0898,100
-2.669,0.95,-144.563,0.2669,-0.095,100
-2.673,0.97,-144.564,0.2673,-0.097,100
-2.656,0.989,-144.558,0.2656,-0.0989,100
-2.647,1,-144.561,0.2647,-0.1,100
-2.62,0.996,-144.575,0.262,-0.0996,100
-2.606,0.976,-144.589,0.2606,-0.0976,100
-2.582,0.956,-144.602,0.2582,-0.0956,100
-2.57,0.916,-144.631,0.257,-0.0916,100
-2.578,0.904,-144.638,0.2578,-0.0904,100
-2.574,0.804,-144.675,0.2574,-0.0804,100
-2.554,0.704,-144.703,0.2554,-0.0704,100
-2.549,0.636,-144.718,0.2549,-0.0636,100
-2.546,0.571,-144.709,0.2546,-0.0571,100
-2.542,0.494,-144.705,0.2542,-0.0494,100
-2.534,0.453,-144.698,0.2534,-0.0453,100
-2.54,0.425,-144.692,0.254,-0.0425,100
-2.58,0.411,-144.668,0.258,-0.0411,100
-2.604,0.411,-144.646,0.2604,-0.0411,100
-2.621,0.43,-144.643,0.2621,-0.043,100
-2.631,0.441,-144.623,0.2631,-0.0441,100
-2.675,0.496,-144.608,0.2675,-0.0496,100
-2.694,0.578,-144.6,0.2694,-0.0578,100
-2.707,0.61,-144.607,0.2707,-0.061,100
-2.752,0.698,-144.604,0.2752,-0.0698,100
-2.77,0.764,-144.608,0.277,-0.0764,100
-2.796,0.798,-144.613,0.2796,-0.0798,100
-2.823,0.839,-144.608,0.2823,-0.0839,100
-2.867,0.85,-144.597,0.2867,-0.085,100
-2.891,0.856,-144.576,0.2891,-0.0856,100
-2.903,0.851,-144.563,0.2903,-0.0851,100
-2.927,0.85,-144.543,0.2927,-0.085,100
-2.919,0.843,-144.543,0.2919,-0.0843,100
-2.917,0.824,-144.526,0.2917,-0.0824,100
-2.921,0.791,-144.506,0.2921,-0.0791,100
-2.943,0.74,-144.471,0.2943,-0.074,100
-2.951,0.677,-144.432,0.2951,-0.0677,100
-2.968,0.647,-144.405,0.2968,-0.0647,100
-2.976,0.608,-144.362,0.2976,-0.0608,100
-2.964,0.557,-144.323,0.2964,-0.0557,100
-2.966,0.538,-144.297,0.2966,-0.0538,100
-2.936,0.492,-144.245,0.2936,-0.0492,100
-2.935,0.438,-144.173,0.2935,-0.0438,100
-2.922,0.412,-144.138,0.2922,-0.0412,100
-2.898,0.339,-144.051,0.2898,-0.0339,100
-2.894,0.285,-143.971,0.2894,-0.0285,100
-2.883,0.255,-143.932,0.2883,-0.0255,100
-2.899,0.201,-143.878,0.2899,-0.0201,100
-2.908,0.155,-143.836,0.2908,-0.0155,100
-2.924,0.121,-143.815,0.2924,-0.0121,100
-2.968,0.075,-143.775,0.2968,-0.0075,100
-2.982,0.018,-143.741,0.2982,-0.0018,100
-3.004,0.002,-143.735,0.3004,-0.0002,100
-3.012,-0.025,-143.713,0.3012,0.0025,100
-3.031,-0.03,-143.713,0.3031,0.003,100
-3.041,-0.01,-143.712,0.3041,0.001,100
-3.044,0.051,-143.748,0.3044,-0.0051,100
-3.082,0.163,-143.8,0.3082,-0.0163,100
-3.091,0.231,-143.839,0.3091,-0.0231,100
-3.137,0.39,-143.923,0.3137,-0.039,100
-3.186,0.574,-144.018,0.3186,-0.0574,100
-3.203,0.661,-144.074,0.3203,-0.0661,100
-3.266,0.836,-144.163,0.3266,-0.0836,100
-3.281,0.976,-144.239,0.3281,-0.0976,100
-3.296,1.036,-144.266,0.3296,-0.1036,100
-3.293,1.134,-144.323,0.3293,-0.1134,100
-3.271,1.173,-144.375,0.3271,-0.1173,100
-3.265,1.181,-144.395,0.3265,-0.1181,100
-3.217,1.151,-144.449,0.3217,-0.1151,100
-3.198,1.082,-144.516,0.3198,-0.1082,100
-3.176,1.035,-144.564,0.3176,-0.1035,100
-3.125,0.913,-144.665,0.3125,-0.0913,100
-3.075,0.807,-144.791,0.3075,-0.0807,100
-3.031,0.755,-144.864,0.3031,-0.0755,100
-2.968,0.665,-145.027,0.2968,-0.0665,100
-2.883,0.604,-145.198,0.2883,-0.0604,100
-2.852,0.573,-145.272,0.2852,-0.0573,100
-2.804,0.552,-145.413,0.2804,-0.0552,100
-2.739,0.546,-145.528,0.2739,-0.0546,100
-2.725,0.562,-145.581,0.2725,-0.0562,100
-2.661,0.61,-145.646,0.2661,-0.061,100
-2.605,0.673,-145.673,0.2605,-0.0673,100
-2.575,0.718,-145.675,0.2575,-0.0718,100
-2.5,0.785,-145.663,0.25,-0.0785,100
-2.466,0.837,-145.618,0.2466,-0.0837,100
-2.443,0.845,-145.579,0.2443,-0.0845,100
-2.439,0.835,-145.506,0.2439,-0.0835,100
-2.445,0.79,-145.411,0.2445,-0.079,100
-2.445,0.746,-145.367,0.2445,-0.0746,100
-2.471,0.65,-145.25,0.2471,-0.065,100
-2.458,0.529,-145.144,0.2458,-0.0529,100
-2.462,0.465,-145.092,0.2462,-0.0465,100
-2.447,0.339,-144.997,0.2447,-0.0339,100
-2.43,0.2,-144.921,0.243,-0.02,100
-2.434,0.142,-144.887,0.2434,-0.0142,100
-2.407,0.022,-144.864,0.2407,-0.0022,100
-2.417,-0.073,-144.872,0.2417,0.0073,100
-2.411,-0.108,-144.895,0.2411,0.0108,100
-2.419,-0.164,-144.944,0.2419,0.0164,100
-2.446,-0.157,-145.001,0.2446,0.0157,100
-2.475,-0.125,-145.041,0.2475,0.0125,100
-2.481,-0.09,-145.071,0.2481,0.009,100
-2.494,-0.047,-145.088,0.2494,0.0047,100
-2.522,0.051,-145.112,0.2522,-0.0051,100
-2.541,0.122,-145.112,0.2541,-0.0122,100
-2.564,0.257,-145.113,0.2564,-0.0257,100
-2.586,0.348,-145.101,0.2586,-0.0348,100
-2.619,0.561,-145.064,0.2619,-0.0561,100
-2.654,0.757,-145.008,0.2654,-0.0757,100
-2.683,0.855,-144.984,0.2683,-0.0855,100
-2.712,1.002,-144.92,0.2712,-0.1002,100
-2.774,1.107,-144.861,0.2774,-0.1107,100
-2.804,1.143,-144.826,0.2804,-0.1143,100
-2.827,1.141,-144.812,0.2827,-0.1141,100
-2.859,1.093,-144.812,0.2859,-0.1093,100
-2.873,1.012,-144.825,0.2873,-0.1012,100
-2.871,0.908,-144.843,0.2871,-0.0908,100
-2.824,0.743,-144.887,0.2824,-0.0743,100
-2.792,0.656,-144.925,0.2792,-0.0656,100
-2.716,0.5,-144.986,0.2716,-0.05,100
-2.606,0.36,-145.061,0.2606,-0.036,100
-2.524,0.295,-145.12,0.2524,-0.0295,100
-2.45,0.262,-145.192,0.245,-0.0262,100
-2.375,0.25,-145.273,0.2375,-0.025,100
-2.344,0.267,-145.302,0.2344,-0.0267,100
-2.28,0.312,-145.349,0.228,-0.0312,100
-2.273,0.396,-145.358,0.2273,-0.0396,100
-2.258,0.436,-145.353,0.2258,-0.0436,100
-2.292,0.522,-145.302,0.2292,-0.0522,100
-2.342,0.622,-145.212,0.2342,-0.0622,100
-2.399,0.696,-145.128,0.2399,-0.0696,100
-2.447,0.768,-145.05,0.2447,-0.0768,100
-2.472,0.856,-144.949,0.2472,-0.0856,100
-2.485,0.916,-144.873,0.2485,-0.0916,100
-2.494,0.96,-144.798,0.2494,-0.096,100
-2.486,0.977,-144.711,0.2486,-0.0977,100
-2.471,0.972,-144.664,0.2471,-0.0972,100
-2.457,0.949,-144.624,0.2457,-0.0949,100
-2.452,0.905,-144.597,0.2452,-0.0905,100
-2.43,0.861,-144.599,0.243,-0.0861,100
-2.413,0.833,-144.608,0.2413,-0.0833,100
-2.381,0.783,-144.616,0.2381,-0.0783,100
-2.347,0.747,-144.627,0.2347,-0.0747,100
-2.306,0.699,-144.621,0.2306,-0.0699,100
-2.253,0.607,-144.596,0.2253,-0.0607,100
-2.172,0.501,-144.537,0.2172,-0.0501,100
-2.144,0.446,-144.5,0.2144,-0.0446,100
-2.106,0.38,-144.415,0.2106,-0.038,100
-2.095,0.338,-144.357,0.2095,-0.0338,100
-2.063,0.282,-144.252,0.2063,-0.0282,100
-2.059,0.254,-144.173,0.2059,-0.0254,100
-2.026,0.211,-144.003,0.2026,-0.0211,100
-2.028,0.176,-143.815,0.2028,-0.0176,100
-2.026,0.17,-143.72,0.2026,-0.017,100
-2.008,0.15,-143.539,0.2008,-0.015,100
-2.015,0.147,-143.365,0.2015,-0.0147,100
-1.999,0.14,-143.283,0.1999,-0.014,100
-2,0.108,-143.132,0.2,-0.0108,100
-1.99,0.069,-143.005,0.199,-0.0069,100
-1.983,0.031,-142.952,0.1983,-0.0031,100
-1.983,-0.045,-142.843,0.1983,0.0045,100
-1.94,-0.152,-142.752,0.194,0.0152,100
-1.936,-0.209,-142.714,0.1936,0.0209,100
-1.909,-0.332,-142.651,0.1909,0.0332,100
-1.893,-0.471,-142.624,0.1893,0.0471,100
-1.894,-0.525,-142.616,0.1894,0.0525,100
-1.874,-0.627,-142.643,0.1874,0.0627,100
-1.885,-0.69,-142.698,0.1885,0.069,100
-1.878,-0.703,-142.741,0.1878,0.0703,100
-1.863,-0.712,-142.837,0.1863,0.0712,100
-1.863,-0.671,-142.938,0.1863,0.0671,100
-1.859,-0.649,-142.984,0.1859,0.0649,100
-1.903,-0.584,-143.07,0.1903,0.0584,100
-1.94,-0.499,-143.147,0.194,0.0499,100
-1.972,-0.452,-143.188,0.1972,0.0452,100
-2.041,-0.329,-143.253,0.2041,0.0329,100
-2.086,-0.219,-143.318,0.2086,0.0219,100
-2.124,-0.13,-143.348,0.2124,0.013,100
-2.153,-0.073,-143.365,0.2153,0.0073,100
-2.186,-0.022,-143.377,0.2186,0.0022,100
-2.215,0.04,-143.385,0.2215,-0.004,100
-2.238,0.071,-143.392,0.2238,-0.0071,100
-2.263,0.083,-143.386,0.2263,-0.0083,100
-2.311,0.073,-143.367,0.2311,-0.0073,100
-2.33,0.041,-143.348,0.233,-0.0041,100
-2.338,-0.014,-143.339,0.2338,0.0014,100
-2.347,-0.084,-143.324,0.2347,0.0084,100
-2.365,-0.152,-143.314,0.2365,0.0152,100
-2.363,-0.196,-143.311,0.2363,0.0196,100
-2.382,-0.244,-143.307,0.2382,0.0244,100
-2.416,-0.308,-143.308,0.2416,0.0308,100
-2.423,-0.369,-143.31,0.2423,0.0369,100
-2.434,-0.385,-143.316,0.2434,0.0385,100
-2.415,-0.407,-143.313,0.2415,0.0407,100
-2.406,-0.417,-143.299,0.2406,0.0417,100
-2.391,-0.405,-143.29,0.2391,0.0405,100
-2.347,-0.396,-143.277,0.2347,0.0396,100
-2.34,-0.355,-143.271,0.234,0.0355,100
-2.329,-0.343,-143.258,0.2329,0.0343,100
-2.348,-0.304,-143.254,0.2348,0.0304,100
-2.371,-0.25,-143.248,0.2371,0.025,100
-2.384,-0.236,-143.258,0.2384,0.0236,100
-2.433,-0.195,-143.237,0.2433,0.0195,100
-2.434,-0.172,-143.21,0.2434,0.0172,100
-2.435,-0.155,-143.178,0.2435,0.0155,100
-2.43,-0.158,-143.169,0.243,0.0158,100
-2.433,-0.155,-143.134,0.2433,0.0155,100
-2.412,-0.17,-143.11,0.2412,0.017,100
-2.402,-0.17,-143.093,0.2402,0.017,100
-2.395,-0.209,-143.051,0.2395,0.0209,100
-2.39,-0.231,-143.029,0.239,0.0231,100
-2.371,-0.288,-142.986,0.2371,0.0288,100
-2.387,-0.317,-142.946,0.2387,0.0317,100
-2.372,-0.323,-142.936,0.2372,0.0323,100
-2.357,-0.322,-142.912,0.2357,0.0322,100
-2.304,-0.278,-142.896,0.2304,0.0278,100
-2.275,-0.251,-142.889,0.2275,0.0251,100
-2.233,-0.173,-142.885,0.2233,0.0173,100
-2.181,-0.096,-142.886,0.2181,0.0096,100
-2.181,-0.054,-142.885,0.2181,0.0054,100
-2.17,0.01,-142.899,0.217,-0.001,100
-2.169,0.087,-142.921,0.2169,-0.0087,100
-2.184,0.135,-142.928,0.2184,-0.0135,100
-2.194,0.193,-142.952,0.2194,-0.0193,100
-2.177,0.282,-142.987,0.2177,-0.0282,100
-2.172,0.377,-143.013,0.2172,-0.0377,100
-2.148,0.416,-143.027,0.2148,-0.0416,100
-2.1,0.463,-143.045,0.21,-0.0463,100
-2.034,0.493,-143.053,0.2034,-0.0493,100
-1.986,0.485,-143.047,0.1986,-0.0485,100
-1.91,0.464,-143.041,0.191,-0.0464,100
-1.796,0.404,-143.023,0.1796,-0.0404,100
-1.752,0.362,-143.02,0.1752,-0.0362,100
-1.67,0.276,-142.992,0.167,-0.0276,100
-1.586,0.159,-142.954,0.1586,-0.0159,100
-1.56,0.106,-142.926,0.156,-0.0106,100
-1.466,0.002,-142.868,0.1466,-0.0002,100
-1.378,-0.088,-142.79,0.1378,0.0088,100

New PID Setting: 5.000000,2.000000,1.000000

-1.281,-0.133,-142.728,9.64294,-0.834521,100
-1.12,-0.169,-142.619,10.9753,-0.353913,100
-1.012,-0.183,-142.549,8.67229,0.450079,100
-0.89,-0.166,-142.452,8.53216,1.39901,100
-0.817,-0.157,-142.373,6.53677,1.08791,100
-0.744,-0.139,-142.286,6.17444,1.29841,100
-0.635,-0.124,-142.14,6.83173,1.12386,100
-0.568,-0.113,-142.009,5.09877,0.935929,100
-0.504,-0.111,-141.849,4.68059,0.626329,100
-0.404,-0.118,-141.596,5.38204,0.361753,100
-0.339,-0.106,-141.371,3.8916,0.935468,100
-0.286,-0.093,-141.13,3.22763,0.904137,100
-0.217,-0.06,-140.783,3.41674,1.40602,100
-0.169,-0.006,-140.508,2.47735,1.83604,100
-0.132,0.086,-140.227,1.92616,2.6424,100
-0.109,0.243,-139.882,1.34488,4.02319,100
-0.097,0.341,-139.729,0.918566,1.5653,100
-0.079,0.552,-139.451,1.02885,4.27497,100
-0.11,0.791,-139.213,-0.449087,4.01046,100
-0.116,0.909,-139.109,0.414664,-0.616145,100
-0.175,1.104,-138.913,-1.05637,0.971547,100
-0.244,1.279,-138.718,-1.04383,-0.574724,100
-0.274,1.344,-138.617,0.407159,-4.57123,100
-0.359,1.455,-138.444,-0.999882,-3.59813,100
-0.406,1.529,-138.311,0.503247,-5.20697,100
-0.443,1.54,-138.262,1.02317,-7.36752,100
-0.533,1.553,-138.185,-0.291573,-7.37144,100
-0.611,1.5,-138.122,0.500626,-9.31184,100
-0.665,1.468,-138.097,1.57302,-8.45712,100
-0.735,1.371,-138.017,1.39233,-10.1437,100
-0.801,1.247,-137.922,1.85855,-10.4282,100
-0.824,1.165,-137.836,3.40985,-8.62241,100
-0.833,1.096,-137.771,3.92452,-7.84802,100
-0.85,1.017,-137.702,3.74591,-7.79002,100
-0.851,0.95,-137.673,4.28731,-7.05844,100
-0.861,0.895,-137.644,4.04041,-6.38666,100
-0.917,0.826,-137.625,2.79037,-6.5113,100
-0.988,0.772,-137.617,2.64893,-5.74408,100
-1.034,0.726,-137.606,3.71599,-5.25002,100
-1.087,0.686,-137.596,3.75157,-4.85249,100
-1.184,0.634,-137.583,2.77416,-4.99478,100
-1.278,0.6,-137.566,3.34876,-4.22694,100
-1.325,0.588,-137.584,5.1552,-3.43572,100
-1.385,0.584,-137.591,5.02685,-3.15116,100
-1.446,0.612,-137.637,5.30372,-2.22669,100
-1.504,0.636,-137.669,5.69914,-2.48232,100
-1.571,0.684,-137.732,5.73979,-1.92478,100
-1.637,0.718,-137.778,6.10902,-2.56403,100
-1.754,0.787,-137.864,5.00033,-1.7452,100
-1.924,0.854,-137.948,4.09059,-2.14994,100
-2.014,0.899,-137.994,7.21451,-3.11151,100
-2.174,0.98,-138.065,5.689,-2.32003,100
-2.34,1.093,-138.123,6.32743,-1.8223,100
-2.397,1.157,-138.147,10.2544,-3.7798,100
-2.488,1.271,-138.216,9.58501,-2.68771,100
-2.57,1.378,-138.265,10.3043,-3.461,100
-2.59,1.405,-138.283,12.4803,-6.26773,100
-2.625,1.435,-138.29,12.1647,-6.3229,100
-2.605,1.428,-138.285,13.9074,-7.52637,100
-2.577,1.413,-138.294,14.0434,-7.72312,100
-2.536,1.354,-138.292,14.2808,-8.89966,100
-2.464,1.272,-138.291,14.963,-9.26091,100
-2.435,1.219,-138.285,13.3935,-8.03363,100
-2.416,1.122,-138.282,12.9738,-9.01934,100
-2.402,1.026,-138.274,12.7458,-8.5097,100
-2.414,0.979,-138.262,11.9478,-6.64489,100
-2.453,0.929,-138.223,11.2517,-6.49823,100
-2.469,0.922,-138.184,12.1072,-5.03322,100
-2.484,0.933,-138.177,12.2245,-4.49158,100
-2.511,0.976,-138.147,11.9685,-3.64342,100
-2.49,1,-138.123,13.4725,-4.40036,100
-2.477,0.996,-138.112,13.1497,-5.31728,100
-2.452,0.92,-138.134,13.4336,-7.34059,100
-2.404,0.7,-138.201,13.9689,-11.0431,100
-2.383,0.537,-138.249,12.9725,-8.33004,100
-2.296,0.126,-138.4,14.7457,-14.5422,100
-2.138,-0.438,-138.624,16.3301,-16.8206,100
-2.049,-0.786,-138.768,13.5925,-7.87776,100
-1.842,-1.587,-139.092,16.4974,-18.967,100
-1.593,-2.538,-139.462,16.6582,-19.2029,100
-1.473,-3.05,-139.674,11.7635,-1.99859,100
-1.224,-4.146,-140.14,14.8229,-15.9703,100
-0.975,-5.346,-140.67,13.5814,-13.4178,100
-0.868,-5.979,-140.946,8.31619,8.66877,100
-0.655,-7.267,-141.515,10.7869,-6.6984,100
-0.449,-8.615,-142.122,9.52516,-1.92739,100
-0.365,-9.306,-142.437,5.03981,23.4611,100
-0.21,-10.696,-143.067,6.63223,7.14962,100
-0.04,-12.104,-143.69,6.28238,13.6332,100
0.034,-12.796,-143.995,2.71225,41.0059,100
0.183,-14.125,-144.593,4.4666,26.4684,100
0.32,-15.421,-145.163,3.38044,34.104,100
0.358,-16.054,-145.423,-0.110845,59.4268,100
0.412,-17.25,-145.918,0.151005,46.7022,100
0.439,-18.388,-146.377,-0.885576,54.3917,100
0.432,-18.92,-146.587,-1.98546,77.3198,100
0.421,-19.892,-146.956,-2.06531,67.5848,100
0.414,-20.762,-147.256,-1.89847,75.4095,100
0.4,-21.136,-147.371,-2.06324,93.8889,100
0.38,-21.797,-147.546,-2.16461,87.7057,100
0.334,-22.346,-147.631,-2.80248,94.2645,100
0.303,-22.559,-147.639,-2.14857,100,100
0.244,-22.912,-147.614,-2.78778,100,100
0.131,-23.137,-147.479,-4.02325,100,100
0.082,-23.182,-147.375,-1.64522,100,100
-0.035,-23.2,-147.153,-3.32676,100,100
-0.168,-23.061,-146.888,-3.19449,100,100
-0.22,-22.942,-146.748,-0.233694,100,100
-0.365,-22.66,-146.435,-2.60738,100,100
-0.513,-22.303,-146.103,-1.96553,100,100
-0.601,-22.118,-145.94,0.476631,100,100
-0.811,-21.7,-145.587,-2.53712,100,100
-1.013,-21.263,-145.218,-1.2568,100,100
-1.131,-21.043,-145.021,2.13727,100,100
-1.327,-20.553,-144.611,0.522046,100,100
-1.508,-20.029,-144.191,1.93247,100,100
-1.603,-19.738,-143.981,5.27991,100,100
-1.759,-19.122,-143.588,4.03291,100,100
-1.942,-18.462,-143.215,4.0549,100,100
-2.019,-18.127,-143.024,7.9805,100,100
-2.204,-17.46,-142.665,5.31344,100,100
-2.4,-16.771,-142.291,5.93541,100,100
-2.488,-16.431,-142.106,9.98437,95.9744,100
-2.669,-15.723,-141.736,7.79898,100,100
-2.815,-14.996,-141.381,9.70578,100,100
-2.882,-14.645,-141.211,12.6845,87.5744,100
-2.99,-13.895,-140.871,11.8686,97.1744,100
-3.034,-13.131,-140.567,14.2328,93.8684,100
-3.045,-12.732,-140.413,15.3988,79.7525,100
-3.001,-11.872,-140.146,17.0229,90.8619,100
-2.873,-10.992,-139.877,19.1933,87.1682,100
-2.806,-10.54,-139.738,16.835,70.6795,100
-2.63,-9.576,-139.428,19.5979,82.9606,100
-2.427,-8.517,-139.069,19.4916,80.8629,100
-2.322,-7.932,-138.873,15.7083,62.1665,100
-2.101,-6.691,-138.459,18.4775,77.8522,100
-1.932,-5.351,-138.02,15.9061,74.4715,100
-1.866,-4.637,-137.798,12.1495,50.0515,100
-1.715,-3.151,-137.34,14.234,68.3662,100
-1.562,-1.531,-136.883,13.5413,64.7384,100
-1.516,-0.685,-136.65,9.7501,34.7109,100
-1.469,1.001,-136.189,9.55373,54.2772,100
-1.527,2.657,-135.721,6.34922,44.9877,100
-1.59,3.5,-135.487,6.50328,13.6601,100
-1.745,5.151,-135.037,4.2179,32.3199,100
-1.932,6.784,-134.602,4.09319,23.5305,100
-2.042,7.587,-134.413,7.2172,-8.17853,100
-2.246,9.13,-134.057,5.11196,8.74027,100
-2.486,10.547,-133.753,5.1209,-2.5827,100
-2.621,11.197,-133.614,9.30534,-31.4397,100
-2.893,12.369,-133.337,6.10909,-19.9442,100
-3.167,13.364,-133.112,7.42382,-30.8673,100
-3.296,13.789,-133.006,12.914,-52.042,100
-3.512,14.473,-132.807,11.1067,-46.8807,100
-3.709,14.947,-132.648,12.7384,-56.3045,100
-3.791,15.13,-132.59,16.9953,-66.974,100
-3.908,15.357,-132.514,16.4277,-66.6976,100
-3.982,15.455,-132.51,18.2454,-71.5433,100
-3.989,15.455,-132.531,20.5281,-74.8656,100
-3.919,15.366,-132.589,22.7589,-77.4425,100
-3.821,15.184,-132.684,23.216,-79.6872,100
-3.756,15.071,-132.75,21.8045,-76.8765,100
-3.611,14.785,-132.891,23.7591,-81.2664,100
-3.477,14.472,-133.074,22.735,-80.6535,100
-3.401,14.315,-133.173,20.4339,-74.72,100
-3.225,13.999,-133.389,22.8989,-78.4904,100
-3.044,13.733,-133.637,22.1715,-75.5432,100
-2.943,13.625,-133.781,19.0104,-69.7855,100
-2.699,13.422,-134.085,22.5668,-71.9855,100
-2.455,13.205,-134.413,21.3556,-71.4147,100
-2.343,13.085,-134.56,16.4041,-67.6285,100
-2.115,12.842,-134.888,19.1383,-70.5597,100
-1.892,12.578,-135.217,17.8635,-69.985,100
-1.785,12.448,-135.38,13.4682,-64.9132,100
-1.55,12.178,-135.703,16.5655,-68.2737,100
-1.287,11.882,-136.014,16.1885,-67.7031,100
-1.093,11.649,-136.238,12.9224,-64.4801,100
-0.89,11.391,-136.473,12.2106,-64.0644,100
-0.588,11.017,-136.795,14.0027,-66.1007,100
-0.382,10.698,-137.047,9.77409,-62.7109,100
-0.176,10.343,-137.307,8.74472,-62.1731,100
0.097,9.814,-137.681,9.61271,-65.3635,100
0.28,9.379,-137.956,5.6967,-60.0889,100
0.42,9.072,-138.151,3.56185,-54.3199,100
0.562,8.745,-138.331,2.9165,-53.383,100
0.771,8.256,-138.62,4.10206,-56.3678,100
0.985,7.747,-138.908,3.19518,-54.5173,100
1.144,7.397,-139.112,0.562724,-47.4939,100
1.304,7.057,-139.313,-0.208637,-45.486,100
1.611,6.386,-139.745,3.15056,-53.1873,100
1.926,5.744,-140.204,1.8353,-49.0313,100
2.085,5.435,-140.444,-4.16721,-36.4059,100
2.375,4.851,-140.915,-1.25909,-42.67,100
2.67,4.3,-141.381,-2.57704,-38.8305,100
2.825,4.022,-141.627,-8.02887,-28.355,100
3.129,3.488,-142.122,-4.59347,-34.2309,100
3.482,2.955,-142.643,-4.73767,-31.5432,100
3.667,2.682,-142.916,-11.2759,-21.5212,100
4.04,2.103,-143.471,-6.88875,-28.8338,100
4.436,1.447,-144.057,-8.11806,-28.1256,100
4.616,1.095,-144.37,-16.2347,-16.2362,100
4.987,0.323,-144.991,-11.741,-26.3774,100
5.346,-0.534,-145.639,-13.9552,-24.9238,100
5.528,-0.993,-145.984,-20.7851,-9.35858,100
5.91,-2.01,-146.704,-16.0497,-22.8663,100
6.242,-3.098,-147.462,-19.3989,-19.7819,100
6.421,-3.687,-147.863,-25.417,-0.190247,100
6.705,-4.929,-148.672,-23.3611,-15.7292,100
6.945,-6.219,-149.523,-26.0528,-10.8568,100
7.019,-6.885,-149.96,-31.9814,13.298,100
7.093,-8.226,-150.83,-32.3769,-2.46738,100
7.063,-9.589,-151.671,-35.719,3.64881,100
7.01,-10.249,-152.081,-36.2459,30.419,100
6.846,-11.608,-152.875,-39.1506,13.9558,100
6.568,-12.899,-153.611,-41.5842,22.7239,100
6.296,-13.828,-154.109,-40.0469,39.4854,100
6.092,-14.447,-154.426,-36.7821,52.9657,100
5.846,-15.025,-154.702,-36.9732,57.2765,100
5.443,-15.868,-155.064,-40.2111,52.7153,100
4.99,-16.66,-155.347,-39.6307,58.4352,100
4.5,-17.375,-155.565,-38.4303,64.6395,100
3.832,-18.171,-155.783,-41.0374,65.9849,100
3.329,-18.635,-155.893,-33.0344,79.4386,100
2.839,-18.982,-155.957,-30.1613,85.142,100
2.206,-19.257,-155.988,-31.7709,88.9863,100
1.751,-19.354,-155.959,-23.5688,95.4743,100
1.313,-19.324,-155.875,-20.8169,99.6272,100
0.743,-19.118,-155.697,-22.3696,100,100
0.337,-18.826,-155.539,-14.8741,100,100
-0.05,-18.42,-155.349,-12.3056,100,100
-0.539,-17.741,-155.077,-13.2587,100,100
-0.801,-17.339,-154.913,-4.37912,100,100
-1.312,-16.472,-154.556,-10.1194,100,100
-1.837,-15.475,-154.134,-7.95445,100,100
-2.099,-14.938,-153.912,2.12977,95.0952,100
-2.618,-13.785,-153.409,-3.83247,100,100
-3.156,-12.57,-152.882,-1.76444,100,100
-3.542,-11.601,-152.481,5.24497,92.9468,100
-3.785,-10.926,-152.21,11.2403,79.8112,100
-3.991,-10.244,-151.938,13.518,76.6714,100
-4.27,-9.18,-151.522,12.495,84.1177,100
-4.372,-8.834,-151.373,18.9207,58.4862,100
-4.65,-7.37,-150.823,14.4608,88.4594,100
-4.784,-6.627,-150.542,19.948,60.7349,100
-4.95,-5.167,-149.98,19.7292,77.3535,100
-5.067,-3.744,-149.397,21.9658,69.0187,100
-5.109,-3.027,-149.109,24.6942,41.9112,100
-5.216,-1.659,-148.531,23.0813,56.7772,100
-5.315,-0.321,-148.002,23.8621,49.0884,100
-5.326,0.319,-147.753,26.8696,22.6206,100
-5.311,1.569,-147.254,27.6804,36.6982,100
-5.261,2.717,-146.793,28.616,27.5485,100
-5.253,3.227,-146.571,27.1949,3.72018,100
-5.29,4.167,-146.158,25.8989,13.3385,100
-5.331,4.959,-145.81,25.9898,4.42733,100
-5.355,5.287,-145.641,26.6957,-12.6984,100
-5.392,5.88,-145.346,26.4668,-6.85121,100
-5.347,6.37,-145.08,28.9944,-12.7575,100
-5.276,6.584,-144.952,29.5251,-23.0512,100
-5.07,6.948,-144.732,33.0133,-19.8962,100
-4.806,7.2,-144.544,33.6439,-24.9154,100
-4.663,7.271,-144.466,28.9124,-31.3299,100
-4.4,7.326,-144.368,31.6132,-32.1647,100
-4.152,7.285,-144.308,29.8882,-35.1859,100
-4.019,7.23,-144.277,25.4043,-35.4036,100
-3.727,7.079,-144.265,29.2577,-37.8741,100
-3.414,6.893,-144.291,28.405,-38.1355,100
-3.248,6.794,-144.325,22.6867,-34.765,100
-2.88,6.592,-144.399,27.5904,-37.2121,100
-2.495,6.39,-144.487,26.2411,-36.2251,100
-2.312,6.298,-144.54,18.6011,-32.1211,100
-1.987,6.128,-144.627,21.7165,-33.8931,100
-1.721,5.98,-144.73,18.4261,-32.4413,100
-1.617,5.922,-144.78,12.5119,-29.1727,100
-1.44,5.841,-144.891,14.0654,-29.5553,100
-1.291,5.822,-144.995,12.3917,-27.4146,100
-1.229,5.822,-145.042,9.18615,-26.8023,100
-1.142,5.859,-145.108,9.58859,-25.775,100
-1.094,5.939,-145.161,8.05253,-24.7631,100
-1.06,5.994,-145.191,7.41968,-25.893,100
-0.984,6.092,-145.233,8.44322,-24.9716,100
-0.93,6.174,-145.276,7.44324,-25.9371,100
-0.908,6.204,-145.294,6.26984,-27.8428,100
-0.855,6.207,-145.328,7.04125,-28.7802,100
-0.812,6.135,-145.353,6.49584,-30.9422,100
-0.796,6.079,-145.363,5.51871,-30.1508,100
-0.737,5.918,-145.395,6.65969,-32.8671,100
-0.681,5.705,-145.431,6.28214,-33.556,100
-0.658,5.584,-145.442,5.06951,-29.9044,100
-0.572,5.328,-145.488,6.74157,-33.1436,100
-0.486,5.059,-145.553,6.31332,-32.2501,100
-0.449,4.927,-145.592,4.4966,-27.0412,100
-0.356,4.669,-145.656,5.89955,-29.968,100
-0.279,4.425,-145.738,4.98222,-28.2973,100
-0.242,4.313,-145.772,3.46476,-23.3528,100
-0.16,4.082,-145.855,4.55534,-26.1792,100
-0.114,3.834,-145.965,3.12575,-25.5196,100
-0.092,3.697,-146.038,2.21608,-21.1479,100
-0.016,3.376,-146.19,3.63614,-25.6884,100
0.055,2.989,-146.349,3.11427,-25.9642,100
0.103,2.773,-146.435,2.10723,-19.1942,100
0.236,2.269,-146.623,4.27472,-26.2823,100
0.384,1.721,-146.835,4.03334,-25.0152,100
0.482,1.425,-146.953,1.87493,-15.1403,100
0.698,0.783,-147.214,4.72575,-23.4665,100
0.923,0.096,-147.513,3.89743,-21.5318,100
1.054,-0.257,-147.669,0.105304,-8.63257,100
1.297,-0.983,-148.017,2.61897,-17.4324,100
1.547,-1.707,-148.371,1.59673,-13.7395,100
1.677,-2.081,-148.546,-3.05931,-0.195391,100
1.915,-2.803,-148.881,-0.656199,-8.1753,100
2.183,-3.512,-149.196,-1.00406,-4.18432,100
2.31,-3.86,-149.349,-6.34737,9.60291,100
2.558,-4.513,-149.635,-3.56325,2.71749,100
2.828,-5.146,-149.929,-4.1901,6.56768,100
2.947,-5.447,-150.073,-9.82904,19.159,100
3.211,-6.009,-150.357,-6.32727,13.2906,100
3.466,-6.561,-150.647,-7.91474,16.4075,100
3.591,-6.822,-150.795,-12.886,27.4371,100
3.872,-7.369,-151.063,-9.10494,20.6653,100
4.126,-7.888,-151.29,-11.2898,24.222,100
4.274,-8.135,-151.388,-15.5785,34.553,100
4.558,-8.628,-151.584,-12.4816,28.849,100
4.858,-9.069,-151.746,-13.4657,32.82,100
5.01,-9.287,-151.818,-19.1771,41.3768,100
5.292,-9.658,-151.94,-16.2728,38.1666,100
5.582,-10.005,-152.035,-17.4763,40.7376,100
5.704,-10.148,-152.077,-23.7068,48.2891,100
5.959,-10.401,-152.126,-20.5699,45.9249,100
6.16,-10.574,-152.14,-23.3971,49.4946,100
6.271,-10.624,-152.137,-26.9747,53.8829,100
6.45,-10.684,-152.119,-25.6262,53.888,100
6.625,-10.645,-152.076,-26.6584,57.0313,100
6.691,-10.608,-152.036,-30.6458,56.8178,100
6.81,-10.466,-151.934,-29.4987,59.6455,100
6.874,-10.303,-151.779,-31.6768,59.5676,100
6.909,-10.212,-151.681,-32.8433,56.7494,100
6.94,-10.051,-151.463,-33.1566,58.3139,100
6.979,-9.914,-151.207,-33.1101,56.8646,100
6.979,-9.864,-151.064,-34.4352,53.7501,100
7.003,-9.777,-150.759,-33.7804,54.5836,100
7.01,-9.706,-150.444,-34.4073,53.7302,100
7.051,-9.685,-150.289,-33.5044,51.9934,100
7.124,-9.572,-149.985,-32.8283,54.5295,100
7.295,-9.384,-149.659,-30.4429,56.1233,100
7.371,-9.24,-149.474,-34.0161,53.9699,100
7.557,-8.878,-149.058,-31.3067,59.4586,100
7.691,-8.361,-148.581,-33.7377,62.0703,100
7.734,-8.058,-148.315,-37.0139,53.451,100
7.761,-7.283,-147.75,-37.7101,65.3355,100
7.652,-6.341,-147.136,-41.726,66.215,100
7.564,-5.828,-146.818,-40.6133,49.371,100
7.248,-4.664,-146.167,-46.6593,65.2678,100
6.876,-3.408,-145.507,-46.6908,62.0668,100
6.651,-2.734,-145.164,-40.6897,39.3066,100
6.204,-1.377,-144.474,-45.877,55.2932,100
5.736,0.018,-143.791,-44.2577,49.5848,100
5.499,0.714,-143.446,-35.3925,22.8022,100
5.085,2.117,-142.772,-39.2408,39.3463,100
4.699,3.515,-142.101,-36.3944,32.177,100
4.531,4.177,-141.769,-28.304,4.3186,100
4.169,5.492,-141.137,-32.9757,19.4905,100
3.784,6.711,-140.521,-31.831,10.1713,100
3.607,7.292,-140.211,-24.0256,-14.0266,100
3.203,8.395,-139.615,-29.5838,-2.1718,100
2.796,9.415,-139.036,-27.6589,-10.0724,100
2.57,9.931,-138.757,-20.5048,-29.4881,100
2.124,10.862,-138.23,-25.6158,-20.3489,100
1.694,11.717,-137.741,-22.9386,-27.1994,100
1.354,12.292,-137.389,-18.2434,-39.452,100
1.005,12.79,-137.067,-16.8021,-44.5547,100
0.516,13.366,-136.67,-19.0256,-44.8828,100
0.17,13.718,-136.406,-12.5295,-54.1589,100
-0.16,14.002,-136.167,-10.3456,-57.8959,100
-0.554,14.279,-135.89,-10.507,-59.5657,100
-0.802,14.428,-135.714,-4.39741,-64.6293,100
-1.004,14.529,-135.564,-1.85046,-66.7866,100
-1.191,14.578,-135.41,-0.41117,-68.8174,100
-1.276,14.563,-135.354,3.41842,-70.9282,100
-1.412,14.47,-135.275,2.40351,-73.1153,100
-1.548,14.307,-135.261,3.08908,-74.6851,100
-1.584,14.204,-135.282,6.60812,-72.2212,100
-1.646,13.946,-135.377,6.05737,-76.1481,100
-1.64,13.632,-135.533,8.29995,-76.4938,100
-1.621,13.373,-135.697,8.64411,-73.4136,100
-1.595,13.168,-135.827,8.75319,-70.6361,100
-1.576,12.975,-135.964,8.43053,-69.3178,100
-1.525,12.641,-136.187,9.24769,-72.3933,100
-1.5,12.529,-136.263,8.26142,-64.4784,100
-1.379,11.895,-136.671,10.8614,-78.7512,100
-1.272,11.335,-137.031,9.8643,-73.5253,100
-1.154,10.859,-137.338,9.64512,-68.3844,100
-1.006,10.338,-137.693,9.90874,-67.3166,100
-0.773,9.531,-138.229,11.5799,-72.8493,100
-0.567,8.818,-138.681,9.6519,-66.1827,100
-0.403,8.272,-139.013,7.43335,-57.9158,100
-0.242,7.684,-139.359,6.52922,-56.4035,100
0.081,6.341,-140.098,10.3139,-74.878,100
0.445,4.824,-140.903,9.85899,-73.1103,100
0.624,4.002,-141.33,2.79508,-45.8481,100
0.91,2.701,-142.012,4.92847,-55.3195,100
1.199,1.333,-142.738,3.57915,-50.7176,100
1.403,0.389,-143.237,-0.279231,-31.8657,100
1.595,-0.578,-143.755,-1.64497,-27.7953,100
1.986,-2.52,-144.814,3.02621,-50.5762,100
2.355,-4.505,-145.903,0.439399,-42.0683,100
2.527,-5.5,-146.458,-6.99636,-4.0735,100
2.878,-7.484,-147.581,-2.79506,-27.0932,100
3.184,-9.506,-148.709,-5.83652,-18.2157,100
3.332,-10.515,-149.282,-11.8552,20.6339,100
3.615,-12.565,-150.391,-8.7832,-3.77091,100
3.888,-14.606,-151.422,-10.4955,6.78667,100
4.038,-15.613,-151.92,-15.3601,46.3445,100
4.294,-17.579,-152.819,-13.1222,24.2712,100
4.539,-19.446,-153.633,-14.7302,36.9762,100
4.65,-20.347,-154.008,-19.7686,73.7544,100
4.835,-21.993,-154.63,-18.2443,57.2303,100
5.005,-23.446,-155.138,-19.6124,71.013,100
5.062,-24.059,-155.352,-23.6822,100,100
5.208,-25.056,-155.66,-21.4643,94.4398,100
5.323,-25.693,-155.771,-23.0918,100,100
5.387,-25.85,-155.742,-25.1312,100,100
5.46,-25.855,-155.554,-25.2159,100,100
5.511,-25.358,-155.168,-26.2241,100,100
5.516,-24.94,-154.91,-27.8022,100,100
5.49,-23.699,-154.252,-28.7253,100,100
5.402,-22.042,-153.439,-30.3715,100,100
5.334,-21.052,-152.98,-29.384,100,100
5.17,-18.837,-151.991,-31.7826,100,100
4.932,-16.286,-150.924,-33.077,100,100
4.782,-14.933,-150.371,-29.4109,100,100
4.465,-12.058,-149.22,-33.4086,100,100
4.192,-9.028,-148.029,-30.5921,100,100
4.106,-7.445,-147.422,-23.9435,93.3679,100
3.929,-4.199,-146.187,-26.106,100,100
3.734,-0.91,-144.935,-25.7444,100,100
3.613,0.725,-144.303,-22.6858,54.267,100
3.406,3.966,-143.094,-24.5297,91.5811,100
3.107,7.101,-141.971,-26.1126,72.3472,100
2.923,8.578,-141.464,-21.3697,9.66461,100
2.422,11.296,-140.566,-29.4401,37.4006,100
1.85,13.624,-139.835,-28.9535,12.7116,100
1.528,14.654,-139.538,-19.0156,-35.7579,100
0.898,16.331,-139.088,-26.1355,-22.635,100
0.324,17.568,-138.803,-21.4,-43.5499,100
-0.017,18.186,-138.706,-11.9283,-67.3387,100
-0.267,18.509,-138.695,-7.644,-78.8537,100
-0.477,18.496,-138.806,-5.25895,-90.0552,100
-0.506,18.138,-138.979,0.921201,-99.8305,100
-0.427,17.516,-139.228,4.12774,-100,100
-0.156,16.283,-139.658,9.1733,-100,100
0.167,15.111,-140.077,9.29103,-100,100
0.579,13.742,-140.579,10.1956,-100,100
1.236,11.668,-141.377,15.0728,-100,100
1.819,9.94,-142.069,9.68462,-100,100
2.465,8.085,-142.833,8.54574,-99.798,100
3.381,5.451,-143.951,12.9536,-100,100
4.069,3.398,-144.862,1.89892,-82.9948,100
4.546,1.97,-145.498,-7.53578,-55.0286,100
4.991,0.519,-146.128,-10.8454,-48.5421,100
5.652,-1.66,-147.108,-6.97076,-61.9078,100
6.055,-3.131,-147.755,-17.6076,-30.9416,100
6.646,-5.351,-148.729,-14.3198,-44.789,100
7.005,-6.797,-149.367,-23.8734,-11.7345,100
7.669,-9.66,-150.62,-17.0543,-44.618,100
8.194,-12.346,-151.766,-24.3421,-25.2436,100
8.432,-13.603,-152.295,-35.1292,28.7237,100
8.818,-15.905,-153.194,-32.1576,5.45763,100
9.103,-17.841,-153.885,-36.982,27.4019,100
9.203,-18.665,-154.153,-43.6818,68.6557,100
9.35,-19.951,-154.502,-42.8838,59.7575,100
9.447,-20.78,-154.632,-45.0695,79.2107,100
9.477,-20.984,-154.632,-47.4869,100,100
9.511,-21.056,-154.49,-47.5578,100,100
9.534,-20.826,-154.238,-48.0738,100,100
9.559,-20.506,-154.011,-48.1666,100,100
9.566,-20.054,-153.728,-48.836,100,100
9.581,-18.73,-153.022,-48.6788,100,100
9.533,-16.911,-152.144,-50.5731,100,100
9.497,-15.855,-151.663,-50.0273,100,100
9.332,-13.426,-150.603,-53.5359,100,100
9.105,-10.697,-149.449,-54.5004,100,100
8.975,-9.217,-148.848,-50.6494,99.0401,100
8.697,-6.142,-147.586,-54.224,100,100
8.383,-2.911,-146.284,-53.8842,100,100
8.182,-1.246,-145.612,-49.142,65.3888,100
7.744,2.07,-144.302,-54.8798,100,100
7.238,5.401,-143.04,-54.6426,87.6603,100
6.929,7.023,-142.449,-46.5558,22.5583,100
6.258,10.101,-141.371,-55.29,55.6653,100
5.512,12.918,-140.436,-54.0799,32.8338,100
5.118,14.186,-140.043,-40.395,-25.1906,100
4.328,16.445,-139.387,-49.6606,-3.51148,100
3.53,18.249,-138.901,-45.9499,-27.7638,100
3.157,18.948,-138.723,-29.9296,-68.1604,100
2.477,19.974,-138.489,-36.7719,-62.4623,100
1.929,20.47,-138.411,-29.6388,-82.6827,100
1.743,20.498,-138.429,-16.6484,-98.4965,100
1.502,20.191,-138.571,-17.2822,-100,100
1.455,19.367,-138.85,-10.5857,-100,100
1.52,18.768,-139.037,-7.18288,-100,100
1.735,17.268,-139.539,-3.26413,-100,100
2.111,15.344,-140.182,0.214938,-100,100
2.338,14.269,-140.56,-5.89515,-100,100
2.839,11.859,-141.407,0.722968,-100,100
3.386,9.233,-142.374,-0.490889,-100,100
3.649,7.849,-142.903,-11.2857,-82.8011,100
4.189,5.006,-144.051,-4.76744,-100,100
4.639,2.095,-145.262,-10.0341,-100,100
4.857,0.652,-145.868,-18.875,-48.8106,100
5.207,-2.153,-147.075,-16.2437,-80.1779,100
5.519,-4.827,-148.229,-19.0902,-62.4238,100
5.62,-6.088,-148.769,-26.6488,-8.99692,100
5.793,-8.404,-149.803,-25.1347,-32.5533,100
5.879,-10.436,-150.7,-28.4858,-12.8891,100
5.919,-11.327,-151.074,-30.2405,29.64,100
5.932,-12.82,-151.706,-31.2268,17.0845,100
5.893,-13.894,-152.15,-32.7864,36.4712,100
5.836,-14.262,-152.282,-33.1224,61.8959,100
5.714,-14.643,-152.437,-34.6996,63.4202,100
5.548,-14.541,-152.403,-35.3563,79.0626,100
5.482,-14.324,-152.324,-31.7127,81.8625,100
5.309,-13.513,-152.044,-34.4334,97.6561,100
5.123,-12.306,-151.605,-33.9552,100,100
4.989,-11.55,-151.32,-31.5698,86.0937,100
4.697,-9.818,-150.642,-35.3934,100,100
4.33,-7.766,-149.837,-36.074,100,100
4.139,-6.657,-149.399,-29.2672,73.4826,100
3.732,-4.262,-148.471,-34.4457,100,100
3.304,-1.749,-147.497,-33.0176,95.7643,100
3.1,-0.464,-147.004,-24.5421,48.4076,100
2.659,2.113,-146.023,-30.2466,78.5817,100
2.277,4.642,-145.082,-26.3782,64.3199,100
2.082,5.879,-144.626,-19.1773,15.0471,100
1.741,8.188,-143.774,-22.3453,39.206,100
1.388,10.261,-143.015,-20.9853,20.9374,100
1.207,11.172,-142.683,-14.3513,-22.3912,100
0.855,12.718,-142.114,-18.2943,-9.0003,100
0.512,13.843,-141.681,-16.2812,-28.7085,100
0.382,14.234,-141.542,-8.53256,-55.1814,100
0.151,14.68,-141.371,-10.7448,-55.6309,100
0.079,14.631,-141.38,-5.08506,-71.9386,100
0.078,14.438,-141.447,-2.71367,-75.8255,100
0.231,13.682,-141.696,1.65383,-90.8615,100
0.513,12.51,-142.077,4.54198,-98.9132,100
0.83,11.361,-142.442,4.12066,-92.4424,100
1.232,9.997,-142.876,4.93956,-92.8251,100
1.87,7.871,-143.56,9.6095,-100,100
2.388,6.1,-144.143,3.0109,-86.957,100
2.918,4.213,-144.792,0.750393,-81.4039,100
3.627,1.575,-145.729,3.159,-93.2529,100
4.159,-0.49,-146.459,-5.41597,-63.8261,100
4.671,-2.551,-147.206,-8.65945,-53.3786,100
5.284,-5.267,-148.195,-8.37681,-61.6129,100
5.652,-7.222,-148.894,-18.4038,-26.4453,100
5.852,-8.464,-149.316,-25.0249,3.56186,100
6.005,-9.625,-149.701,-27.3782,12.1015,100
6.189,-11.24,-150.203,-27.2871,5.08364,100
6.299,-12.632,-150.62,-30.3265,19.5224,100
6.325,-13.415,-150.808,-33.2792,43.7857,100
6.338,-14.076,-150.972,-33.8004,51.2081,100
6.306,-15.019,-151.143,-35.1631,46.5771,100
6.24,-15.382,-151.113,-35.9889,67.7809,100
6.193,-15.363,-151.035,-35.1428,80.4745,100
6.111,-14.847,-150.7,-35.9215,94.5146,100
6.039,-13.816,-150.177,-35.2499,100,100
6.004,-13.11,-149.86,-33.8632,92.2599,100
5.903,-11.419,-149.124,-35.5794,100,100
5.783,-9.374,-148.279,-35.6336,100,100
5.693,-8.251,-147.814,-34.2041,81.9694,100
5.542,-5.846,-146.854,-35.5024,100,100
5.362,-3.318,-145.863,-35.5884,100,100
5.27,-2.059,-145.365,-32.214,55.5832,100
4.981,0.413,-144.394,-37.3536,83.655,100
4.636,2.701,-143.506,-37.5119,66.072,100
4.44,3.767,-143.096,-31.5813,19.9951,100
4.055,5.642,-142.342,-35.9709,37.5664,100
3.703,7.181,-141.723,-33.1242,18.6456,100
3.535,7.808,-141.46,-26.1636,-14.9175,100
3.313,8.76,-141.058,-26.8655,-8.87574,100
3.169,9.278,-140.815,-23.5569,-25.9658,100
3.138,9.34,-140.754,-19.6465,-41.5094,100
3.159,9.24,-140.761,-18.0296,-46.4427,100
3.184,9.039,-140.806,-18.0327,-48.8369,100
3.293,8.545,-140.946,-15.7896,-56.1643,100
3.459,7.831,-141.186,-14.732,-59.9559,100
3.612,7.236,-141.387,-15.9434,-53.0402,100
3.792,6.56,-141.635,-15.957,-52.3839,100
4.215,5.02,-142.22,-9.98718,-73.5019,100
4.711,3.25,-142.9,-10.0508,-72.3303,100
4.98,2.307,-143.262,-18.9804,-40.0569,100
5.387,0.845,-143.827,-16.4348,-50.05,100
5.789,-0.63,-144.415,-18.6323,-43.106,100
6.052,-1.619,-144.805,-24.6024,-21.9552,100
6.278,-2.591,-145.193,-26.9884,-16.5192,100
6.699,-4.407,-145.933,-22.6175,-35.5567,100
7.015,-6.008,-146.608,-27.7227,-20.3634,100
7.163,-6.701,-146.915,-34.0885,13.3924,100
7.348,-7.831,-147.432,-33.8066,4.50393,100
7.49,-8.597,-147.838,-35.9769,20.4982,100
7.517,-8.818,-147.974,-39.9723,39.8016,100
7.577,-8.974,-148.16,-39.1996,42.7806,100
7.575,-8.721,-148.178,-41.2835,55.1803,100
7.576,-8.468,-148.134,-41.2158,53.9458,100
7.543,-7.675,-147.936,-42.2113,68.0084,100
7.51,-6.593,-147.63,-42.0733,72.2555,100
7.501,-5.946,-147.444,-41.2553,54.5419,100
7.454,-4.514,-147.006,-42.3138,73.5648,100
7.409,-2.937,-146.524,-42.0489,70.5237,100
7.354,-2.101,-146.263,-42.1337,41.6513,100
7.252,-0.434,-145.76,-43.2164,61.0179,100
7.087,1.222,-145.28,-44.5169,52.3668,100
6.982,2.004,-145.067,-42.0171,19.3162,100
6.76,3.472,-144.679,-44.8314,34.8304,100
6.508,4.762,-144.364,-44.5948,22.4299,100
6.405,5.295,-144.233,-39.1362,-5.48746,100
6.191,6.195,-144.039,-41.7885,2.22357,100
6.011,6.79,-143.924,-39.7768,-10.9425,100
5.955,6.975,-143.9,-35.3849,-25.5593,100
5.84,7.106,-143.931,-36.7976,-28.0399,100
5.808,6.904,-144.072,-33.8919,-38.1547,100
5.816,6.696,-144.173,-32.6195,-37.3389,100
5.893,6.046,-144.46,-30.7257,-48.844,100
6.061,5.105,-144.836,-28.5542,-53.8573,100
6.149,4.555,-145.06,-31.683,-38.0904,100
6.404,3.239,-145.569,-27.4144,-57.0554,100
6.699,1.736,-146.165,-27.5801,-55.78,100
6.838,0.923,-146.487,-33.4998,-28.7183,100
7.144,-0.757,-147.143,-29.4888,-49.2156,100
7.393,-2.442,-147.77,-32.6604,-40.9484,100
7.508,-3.273,-148.066,-37.7291,-8.315,100
7.642,-4.79,-148.586,-37.7933,-23.5794,100
7.674,-6.096,-148.998,-41.3809,-9.99414,100
7.655,-6.628,-149.157,-43.0135,18.4897,100
7.506,-7.434,-149.342,-46.6288,13.4132,100
7.275,-7.841,-149.36,-48.2334,28.7764,100
7.115,-7.866,-149.302,-45.0923,41.663,100
6.799,-7.635,-149.08,-48.7368,49.0688,100
6.461,-6.974,-148.707,-47.8034,60.1223,100
6.272,-6.507,-148.46,-41.9143,51.344,100
5.923,-5.298,-147.893,-45.524,70.0515,100
5.551,-3.784,-147.219,-44.4506,72.6617,100
5.37,-2.97,-146.86,-37.1983,45.2691,100
4.964,-1.202,-146.074,-42.6861,68.2334,100
4.491,0.625,-145.262,-42.5706,61.0628,100
4.255,1.525,-144.857,-33.506,25.6574,100
3.716,3.287,-144.083,-40.9243,45.5689,100
3.142,4.885,-143.377,-39.2323,32.0946,100
2.86,5.602,-143.05,-28.0993,-0.877232,100
2.253,6.842,-142.485,-35.9057,10.3315,100
1.677,7.767,-142.049,-31.9984,-4.82149,100
1.403,8.123,-141.864,-20.5668,-25.5974,100
0.907,8.557,-141.592,-25.4901,-25.1982,100
0.507,8.661,-141.418,-20.2919,-36.7494,100
0.319,8.612,-141.368,-12.2864,-41.6354,100
0.057,8.253,-141.35,-13.4433,-50.2034,100
-0.122,7.649,-141.419,-9.78115,-55.3776,100
-0.19,7.249,-141.49,-5.74046,-46.6037,100
-0.257,6.336,-141.7,-5.3712,-59.1615,100
-0.302,5.287,-141.988,-4.41178,-58.4689,100
-0.287,4.728,-142.156,-2.48575,-39.3576,100
-0.282,3.592,-142.523,-2.84307,-52.9239,100
-0.229,2.452,-142.914,-1.50724,-47.366,100
-0.231,1.916,-143.107,-3.32975,-24.5596,100
-0.221,0.905,-143.489,-2.97895,-35.3412,100
-0.262,0.061,-143.837,-4.47301,-25.5547,100
-0.279,-0.305,-143.998,-3.587,-7.7903,100
-0.395,-0.877,-144.275,-6.30558,-11.7938,100
-0.559,-1.272,-144.505,-7.08357,-3.91423,100
-0.75,-1.426,-144.629,-7.02587,4.89424,100
-0.989,-1.463,-144.708,-7.42731,8.98451,100
-1.371,-1.358,-144.749,-10.279,13.1977,100
-1.674,-1.186,-144.72,-6.12468,14.5753,100
-2.002,-0.945,-144.638,-5.3108,15.6737,100
-2.482,-0.524,-144.471,-7.96854,19.5706,100
-2.903,-0.162,-144.308,-3.88642,15.7945,100
-3.378,0.233,-144.115,-3.29926,14.9187,100
-4.049,0.789,-143.85,-6.46301,17.5025,100
-4.566,1.226,-143.642,1.27176,11.3464,100
-4.924,1.513,-143.49,8.37948,4.906,100
-5.272,1.795,-143.337,10.4718,3.32287,100
-5.825,2.189,-143.105,6.42443,5.07832,100
-6.388,2.559,-142.86,8.9291,2.41911,100
-6.759,2.782,-142.712,17.2084,-3.60591,100
-7.142,2.987,-142.561,18.7491,-5.24166,100
-7.942,3.366,-142.297,8.87773,-1.34878,100
-8.719,3.671,-142.096,13.5608,-5.35366,100
-9.114,3.804,-142.018,28.3019,-11.7657,100
-9.854,4.035,-141.904,20.5374,-9.66855,100
-10.562,4.195,-141.828,25.1821,-12.8503,100
-10.91,4.268,-141.811,38.9614,-16.1307,100
-11.579,4.351,-141.792,31.6481,-16.228,100
-12.301,4.378,-141.786,33.5357,-18.2454,100
-12.672,4.366,-141.784,47.1363,-19.5012,100
-13.431,4.294,-141.797,38.0463,-21.1566,100
-14.221,4.187,-141.825,41.0142,-21.8034,100
-14.597,4.127,-141.832,56.7467,-19.9515,100
-15.281,4.005,-141.861,49.9551,-21.4226,100
-16.042,3.86,-141.904,51.2511,-21.4782,100
-16.553,3.754,-141.954,62.1991,-19.6617,100
-16.879,3.668,-141.969,70.0565,-18.5782,100
-17.156,3.57,-141.996,73.1366,-18.5011,100
-17.449,3.414,-142.012,74.1311,-19.6667,100
-17.619,3.284,-142.01,79.1445,-18.1619,100
-17.746,3.164,-141.989,81.2767,-17.2399,100
-17.88,3.036,-141.983,81.7778,-16.8775,100
-17.96,2.949,-141.974,84.0424,-15.0865,100
-18.01,2.88,-141.96,85.3573,-14.1518,100
-18.062,2.814,-141.957,85.6156,-13.732,100
-18.189,2.692,-141.953,83.8161,-14.9983,100
-18.293,2.6,-141.945,85.1686,-13.5477,100
-18.475,2.434,-141.94,83.5451,-15.1931,100
-18.599,2.313,-141.936,86.1654,-13.0965,100
-18.812,2.039,-141.91,84.3315,-16.8338,100
-19.002,1.657,-141.823,86.1165,-18.5298,100
-19.123,1.334,-141.741,89.0904,-14.9529,100
-19.213,1.091,-141.674,90.6429,-11.0752,100
-19.298,0.844,-141.616,91.304,-9.97653,100
-19.416,0.502,-141.545,90.8639,-11.435,100
-19.509,0.238,-141.486,92.2325,-7.51586,100
-19.568,-0.034,-141.408,93.7313,-6.4224,100
-19.573,-0.426,-141.319,95.6267,-8.46087,100
-19.469,-0.692,-141.268,98.8102,-2.92838,100
-19.392,-0.797,-141.259,97.595,2.96616,100
-19.224,-0.977,-141.267,99.8575,1.36968,100
-19.05,-1.116,-141.324,99.2561,3.43536,100
-18.961,-1.173,-141.359,96.046,6.45792,100
-18.758,-1.239,-141.453,98.8985,6.49238,100
-18.542,-1.25,-141.575,98.3186,8.38521,100
-18.439,-1.24,-141.639,94.1033,9.03967,100
-18.253,-1.212,-141.758,96.0057,9.50404,100
-18.11,-1.175,-141.887,93.9226,9.62327,100
-18.052,-1.147,-141.948,90.8642,9.1874,100
-17.977,-1.076,-142.045,91.1206,10.2696,100
-17.925,-1.027,-142.101,90.1585,9.29497,100
-17.869,-0.93,-142.176,90.0761,10.4133,100
-17.837,-0.861,-142.222,89.1804,9.13808,100
-17.793,-0.707,-142.292,89.4244,11.204,100
-17.755,-0.52,-142.355,89.0983,11.3708,100
-17.73,-0.425,-142.38,88.6038,7.8307,100
-17.664,-0.249,-142.41,89.7041,9.65159,100
-17.604,-0.081,-142.427,89.2675,8.54522,100
-17.57,-0.01,-142.419,88.294,4.95692,100
-17.48,0.095,-142.406,89.7736,5.56491,100
-17.358,0.155,-142.39,90.2928,3.76435,100
-17.29,0.173,-142.378,88.215,2.27373,100
-17.134,0.182,-142.367,90.43,1.92808,100
-16.951,0.168,-142.395,90.4761,1.2308,100
-16.855,0.15,-142.421,87.1567,1.18693,100
-16.65,0.11,-142.469,89.825,0.653201,100
-16.434,0.041,-142.545,89.1709,0.0313872,100
-16.33,0.005,-142.595,84.9763,1.31137,100
-16.144,-0.073,-142.707,86.8378,0.301632,100
-15.986,-0.155,-142.832,85.172,0.578857,100
-15.913,-0.196,-142.884,82.0309,2.15123,100
-15.78,-0.256,-143.018,83.4227,1.81882,100
-15.667,-0.287,-143.147,82.2475,2.94152,100
-15.622,-0.293,-143.21,79.812,3.80591,100
-15.532,-0.265,-143.323,80.918,4.80019,100
-15.447,-0.186,-143.432,80.3819,6.10586,100
-15.403,-0.122,-143.494,78.8507,5.2863,100
-15.318,0.026,-143.602,79.8475,7.34621,100
-15.213,0.265,-143.736,80.0439,9.18359,100
-15.137,0.462,-143.819,78.7518,6.79692,100
-15.088,0.603,-143.857,77.6611,4.22309,100
-15.061,0.692,-143.875,76.847,2.04226,100
-15.041,0.768,-143.88,76.5678,1.22616,100
-15.018,0.902,-143.879,76.6068,2.48625,100
-15.029,1.012,-143.864,75.5826,1.13261,100
-15.043,1.063,-143.867,75.6068,-1.09289,100
-15.085,1.14,-143.866,74.9377,-0.615324,100
-15.126,1.197,-143.878,75.2305,-1.5713,100
-15.144,1.217,-143.89,76.1417,-2.90901,100
-15.158,1.236,-143.93,76.3996,-3.0418,100
-15.156,1.213,-143.97,76.9775,-4.33116,100
-15.148,1.185,-143.987,77.192,-4.3621,100
-15.12,1.109,-144.031,77.7731,-5.58609,100
-15.076,1.011,-144.084,78.1407,-5.83306,100
-15.055,0.955,-144.114,77.3233,-4.1565,100
-15.024,0.833,-144.171,77.5557,-5.7495,100
-14.999,0.706,-144.231,77.2847,-5.28371,100
-14.991,0.648,-144.264,76.732,-2.69604,100
-14.972,0.547,-144.316,77.0576,-3.62634,100
-14.945,0.475,-144.359,77.243,-2.30139,100
-14.921,0.434,-144.376,77.0767,-1.06462,100
-14.911,0.416,-144.387,76.6138,-0.209446,100
-14.901,0.401,-144.389,76.6174,-0.0358896,100
-14.901,0.385,-144.388,76.3377,0.00939107,100
-14.915,0.38,-144.373,75.9947,0.39969,100
-14.929,0.379,-144.355,76.1185,0.536659,100
-14.948,0.384,-144.346,76.1006,0.710276,100
-14.993,0.415,-144.322,75.5129,1.42045,100
-15.041,0.474,-144.31,75.7071,2.05708,100
-15.065,0.512,-144.31,76.6813,1.16523,100
-15.096,0.602,-144.324,76.6573,2.4464,100
-15.113,0.726,-144.367,77.2634,2.95712,100
-15.137,0.833,-144.417,77.2046,1.85245,100
-15.15,0.906,-144.47,77.6908,0.350858,100
-15.163,0.965,-144.507,77.8104,-0.414283,100
-15.173,1.023,-144.55,78.015,-0.741299,100
-15.18,1.108,-144.627,78.2046,-0.270287,100
-15.188,1.194,-144.715,78.266,-0.671253,100
-15.183,1.247,-144.773,78.729,-2.04074,100
-15.18,1.293,-144.837,78.7019,-2.50873,100
-15.16,1.373,-144.954,79.2232,-1.78034,100
-15.137,1.438,-145.053,79.2627,-2.61052,100
-15.119,1.462,-145.088,79.0604,-4.10245,100
