PID Gains,0.1,0,0
BaseSpeed,1200
Pitch,Roll,Yaw,Pid_output_X,pid_output_Y,pid_output_Z
1.487,0.998,-155.039,87.1892,58.517,100
1.487,0.999,-155.039,-11.9924,-7.99004,100
1.488,1.003,-155.038,-11.9819,-7.85453,100
1.488,1.003,-155.038,-12.0968,-8.1537,100
1.489,1.002,-155.038,-12.0864,-8.24483,100
1.49,1.001,-155.036,-12.1426,-8.26926,100
1.488,0.998,-155.036,-12.3748,-8.41093,100
1.488,0.997,-155.033,-12.2897,-8.3019,100
1.488,0.995,-155.033,-12.3379,-8.3848,100
1.489,0.996,-155.039,-12.3275,-8.22507,100
1.491,0.996,-155.044,-12.3252,-8.32401,100
1.491,0.998,-155.031,-12.5068,-8.23901,100
1.489,0.999,-155.043,-12.6724,-8.34605,100
1.49,1.001,-155.045,-12.5286,-8.32781,100
1.491,0.999,-155.041,-12.585,-8.61085,100
1.492,0.997,-155.037,-12.6413,-8.62715,100
1.49,0.997,-155.044,-12.8736,-8.52612,100
1.489,0.994,-155.049,-12.8471,-8.73433,100
1.492,0.993,-155.051,-12.6528,-8.62517,100
1.491,0.989,-155.057,-12.9598,-8.82521,100
1.493,0.989,-155.058,-12.8242,-8.59059,100
1.495,0.989,-155.062,-12.8886,-8.62263,100
1.495,0.986,-155.085,-13.0704,-8.83058,100
1.492,0.987,-155.107,-13.2947,-8.60389,100
1.5,0.982,-155.131,-12.674,-8.9957,100
1.5,0.981,-155.155,-13.2559,-8.75282,100
1.498,0.977,-155.168,-13.4218,-8.95248,100
1.488,0.979,-155.176,-13.9233,-8.6002,100
1.493,0.979,-155.174,-13.0117,-8.76525,100
1.502,0.973,-155.206,-12.8657,-9.14877,100
1.495,0.975,-155.195,-13.9248,-8.66303,100
1.493,0.973,-155.19,-13.6239,-8.94522,100
1.502,0.969,-155.185,-13.0112,-9.07795,100
1.502,0.969,-155.178,-13.6598,-8.84268,100
1.493,0.97,-155.203,-14.2362,-8.81544,100
1.507,0.972,-155.179,-12.8637,-8.79627,100
1.502,0.97,-155.213,-14.139,-9.07836,100
1.507,0.976,-155.176,-13.5612,-8.62465,100
1.508,0.973,-155.197,-13.8847,-9.23218,100
1.501,0.975,-155.185,-14.4107,-8.94643,100
1.507,0.976,-155.216,-13.6409,-9.05272,100
1.502,0.979,-155.194,-14.3829,-8.97511,100
1.505,0.975,-155.215,-13.9223,-9.44137,100
1.5,0.979,-155.199,-14.4642,-8.97175,100
1.513,0.98,-155.213,-13.4172,-9.2115,100
1.508,0.983,-155.224,-14.6261,-9.13402,100
1.508,0.991,-155.219,-14.3416,-8.8968,100
1.515,0.987,-155.231,-13.98,-9.69677,100
1.513,1.002,-155.225,-14.6131,-8.58257,100
1.515,0.994,-155.259,-14.4115,-10.0841,100
1.526,0.99,-155.252,-13.9489,-9.81752,100
1.514,0.993,-155.268,-15.4353,-9.40703,100
1.517,0.985,-155.271,-14.5085,-10.1083,100
1.516,0.983,-155.255,-14.8162,-9.72412,100
1.512,0.981,-155.265,-15.0332,-9.73991,100
1.512,0.982,-155.257,-14.8156,-9.57972,100
1.513,0.983,-155.263,-14.8059,-9.61957,100
1.511,0.989,-155.27,-15.0389,-9.36628,100
1.527,0.989,-155.272,-14.0163,-9.79833,100
1.522,0.997,-155.276,-15.4257,-9.3613,100
1.524,0.993,-155.281,-15.0244,-10.1615,100
1.526,0.996,-155.277,-15.0898,-9.75107,100
1.52,0.987,-155.302,-15.6244,-10.5111,100
1.514,0.986,-155.307,-15.6254,-10.0017,100
1.522,0.988,-155.304,-14.8054,-9.84968,100
1.515,0.987,-155.322,-15.7985,-10.0737,100
1.521,0.983,-155.339,-15.0291,-10.2735,100
1.526,0.987,-155.329,-15.1852,-9.80415,100
1.527,0.991,-155.35,-15.5094,-9.86826,100
1.526,0.987,-155.36,-15.6842,-10.4016,100
1.531,0.989,-155.354,-15.3738,-10.0496,100
1.521,1,-155.363,-16.343,-9.57002,100
1.522,1,-155.381,-15.667,-10.3357,100
1.523,0.997,-155.38,-15.7244,-10.5441,100
1.528,0.99,-155.375,-15.5472,-10.7868,100
1.523,0.989,-155.377,-16.2232,-10.4108,100
1.52,0.983,-155.388,-16.1151,-10.728,100
1.516,0.986,-155.381,-16.1989,-10.184,100
1.519,0.99,-155.378,-15.8055,-10.1814,100
1.516,0.988,-155.39,-16.2306,-10.5974,100
1.522,0.988,-155.402,-15.7279,-10.4961,100
1.527,0.994,-155.404,-15.884,-10.1763,100
1.525,0.991,-155.414,-16.3841,-10.7844,100
1.525,0.999,-155.413,-16.3002,-10.1474,100
1.516,0.993,-155.43,-16.8773,-11.0649,100
1.516,0.992,-155.43,-16.3264,-10.7557,100
1.511,0.992,-155.445,-16.6687,-10.7212,100
1.517,0.983,-155.459,-16.0325,-11.2811,100
1.514,0.983,-155.476,-16.6576,-10.7129,100
1.523,0.98,-155.492,-15.9789,-10.9207,100
1.513,0.98,-155.509,-17.2146,-10.7524,100
1.518,0.974,-155.494,-16.3038,-11.136,100
1.525,0.987,-155.408,-16.2759,-10.0053,100
1.536,0.99,-155.316,-16.147,-10.728,100
1.55,0.999,-155.123,-16.1092,-10.4324,100
1.555,1.001,-154.875,-16.7996,-10.9475,100
1.562,1.009,-154.736,-16.7729,-10.6442,100
1.598,1.009,-154.522,-15.1793,-11.2102,100
1.682,1.056,-154.424,-12.7058,-8.48708,100
1.718,1.076,-154.406,-16.2495,-10.4819,100
1.79,1.122,-154.364,-14.4835,-9.15296,100
1.808,1.123,-154.327,-18.286,-12.1973,100
1.786,1.111,-154.324,-20.8346,-13.004,100
1.667,1.059,-154.341,-26.4032,-15.289,100
1.525,0.976,-154.407,-26.85,-16.7233,100
1.469,0.948,-154.459,-20.7162,-12.8633,100
1.495,0.979,-154.54,-15.506,-9.20971,100
1.538,1.017,-154.58,-14.7665,-9.08,100
1.559,1.009,-154.587,-16.4517,-12.1154,100
1.521,0.963,-154.618,-20.1303,-14.3119,100
1.514,0.964,-154.687,-18.0567,-11.2178,100
1.537,0.972,-154.724,-16.2905,-10.8466,100
1.56,0.978,-154.77,-16.525,-11.0596,100
1.553,0.983,-154.816,-18.5194,-11.1982,100
1.54,0.982,-154.859,-18.8653,-11.622,100
1.542,0.979,-154.892,-17.9312,-11.763,100
1.564,0.984,-154.938,-16.8246,-11.3016,100
1.563,0.994,-154.968,-18.4005,-11.0804,100
1.555,0.978,-155.04,-18.8536,-12.7175,100
1.546,0.973,-155.116,-18.8983,-11.9757,100
1.553,0.972,-155.136,-17.938,-11.7325,100
1.556,0.978,-155.211,-18.2791,-11.3455,100
1.557,0.971,-155.288,-18.4708,-12.1876,100
1.555,0.973,-155.32,-18.7052,-11.6352,100
1.559,0.971,-155.371,-18.3877,-11.9173,100
1.566,0.981,-155.406,-18.2945,-11.2291,100
1.565,0.977,-155.436,-18.8705,-12.1621,100
1.567,0.982,-155.448,-18.7373,-11.6339,100
1.564,0.975,-155.447,-19.0973,-12.4095,100
1.562,0.976,-155.451,-19.0652,-11.9157,100
1.557,0.97,-155.456,-19.2757,-12.3658,100
1.555,0.971,-155.455,-19.1101,-11.9386,100
1.549,0.969,-155.446,-19.3789,-12.154,100
1.547,0.968,-155.446,-19.1464,-12.1107,100
1.538,0.964,-155.443,-19.5909,-12.31,100
1.533,0.966,-155.444,-19.3339,-11.9573,100
1.523,0.971,-155.455,-19.6366,-11.8287,100
1.531,0.971,-155.487,-18.5502,-12.1935,100
1.53,0.967,-155.527,-19.1917,-12.4595,100
1.531,0.973,-155.529,-19.116,-11.8724,100
1.523,0.961,-155.559,-19.7013,-13.0075,100
1.523,0.963,-155.575,-19.2174,-12.1214,100
1.52,0.962,-155.592,-19.4426,-12.3445,100
1.525,0.958,-155.62,-18.9987,-12.5436,100
1.525,0.963,-155.639,-19.3814,-12.0148,100
1.52,0.961,-155.67,-19.724,-12.4966,100
1.518,0.965,-155.685,-19.5572,-12.1599,100
1.52,0.965,-155.682,-19.3558,-12.4578,100
1.524,0.967,-155.697,-19.3038,-12.3718,100
1.525,0.963,-155.708,-19.5612,-12.771,100
1.531,0.965,-155.709,-19.3255,-12.4183,100
1.524,0.966,-155.713,-20.1855,-12.5242,100
1.525,0.966,-155.719,-19.7096,-12.6222,100
1.522,0.961,-155.734,-20.0016,-12.9467,100
1.526,0.962,-155.735,-19.6164,-12.5858,100
1.524,0.962,-155.744,-20.0498,-12.6837,100
1.522,0.957,-155.761,-20.0831,-13.008,100
1.518,0.955,-155.784,-20.2336,-12.8229,100
1.521,0.959,-155.811,-19.8402,-12.486,100
1.515,0.96,-155.831,-20.4413,-12.7251,100
1.518,0.958,-155.873,-19.9145,-12.9402,100
1.518,0.953,-155.907,-20.1636,-13.131,100
1.53,0.957,-155.913,-19.5092,-12.594,100
1.52,0.96,-155.935,-20.9451,-12.7158,100
1.52,0.957,-155.966,-20.3277,-13.1228,100
1.517,0.952,-155.967,-20.5529,-13.247,100
1.526,0.956,-155.98,-19.8743,-12.71,100
1.525,0.953,-155.995,-20.5824,-13.1835,100
1.525,0.952,-156.009,-20.5651,-13.073,100
1.516,0.953,-156.016,-21.1422,-12.9786,100
1.523,0.958,-156.017,-20.1809,-12.7829,100
1.516,0.952,-156.022,-21.1074,-13.4991,100
1.521,0.951,-156.032,-20.3967,-13.1886,100
1.518,0.948,-156.037,-20.9552,-13.3286,100
1.524,0.951,-156.037,-20.4526,-12.9835,100
1.515,0.951,-156.053,-21.4296,-13.2143,100
1.518,0.952,-156.074,-20.7028,-13.1864,100
1.52,0.958,-156.076,-20.8347,-12.9322,100
1.526,0.955,-156.099,-20.6655,-13.5391,100
1.519,0.957,-156.129,-21.5254,-13.2528,100
1.528,0.952,-156.14,-20.5802,-13.7103,100
1.521,0.954,-156.165,-21.6402,-13.2905,100
1.526,0.955,-156.19,-20.9296,-13.3961,100
1.513,0.954,-156.221,-22.0746,-13.5524,100
1.524,0.95,-156.241,-20.612,-13.7512,100
1.522,0.949,-156.253,-21.512,-13.5739,100
1.52,0.955,-156.263,-21.5453,-13.1862,100
1.525,0.954,-156.278,-21.168,-13.6758,100
1.524,0.958,-156.276,-21.6094,-13.4055,100
1.525,0.954,-156.292,-21.5334,-13.9377,100
1.528,0.954,-156.288,-21.4736,-13.7019,100
1.516,0.954,-156.293,-22.4267,-13.7329,100
1.52,0.956,-156.289,-21.4413,-13.6465,100
1.521,0.958,-156.295,-21.6986,-13.6935,100
1.525,0.952,-156.318,-21.58,-14.2097,100
1.526,0.955,-156.321,-21.8375,-13.6647,100
1.527,0.956,-156.338,-21.8949,-13.837,100
1.522,0.962,-156.362,-22.3042,-13.5828,100
1.521,0.948,-156.386,-22.0789,-14.8348,100
1.523,0.956,-156.412,-21.9442,-13.4632,100
1.547,0.955,-156.439,-20.7197,-14.0861,100
1.54,0.962,-156.475,-22.7802,-13.6399,100
1.547,0.954,-156.536,-21.953,-14.6068,100
1.55,0.958,-156.61,-22.2939,-13.8699,100
1.56,0.958,-156.642,-21.9578,-14.1676,100
1.561,0.962,-156.752,-22.6163,-13.9641,100
1.574,0.96,-156.916,-21.9713,-14.3792,100
1.583,0.963,-157.067,-22.3613,-14.1011,100
1.596,0.963,-157.244,-22.2503,-14.3323,100
1.611,0.978,-157.525,-22.2892,-13.4839,100
1.627,0.992,-157.767,-22.4033,-13.6948,100
1.651,1,-158.029,-22.1154,-14.1912,100
1.7,1.022,-158.395,-20.8958,-13.4669,100
1.734,1.045,-158.674,-22.224,-13.6181,100
1.762,1.061,-158.86,-22.9051,-14.2472,100
1.784,1.073,-159.04,-23.5389,-14.6446,100
1.814,1.089,-159.307,-23.3043,-14.5412,100
1.828,1.098,-159.556,-24.5422,-15.1155,100
1.833,1.1,-159.709,-25.2416,-15.6338,100
1.835,1.102,-159.85,-25.5171,-15.6855,100
1.806,1.081,-160.079,-27.4103,-17.0858,100
1.761,1.064,-160.213,-28.174,-16.7176,100
1.736,1.044,-160.236,-26.6969,-16.7915,100
1.699,1.022,-160.245,-27.2559,-16.7819,100
1.678,1.006,-160.202,-26.0756,-16.2865,100
1.668,1.008,-160.169,-25.3164,-15.1352,100
1.664,1.004,-160.104,-24.9383,-15.5357,100
1.657,1,-160.052,-25.136,-15.5361,100
1.642,0.996,-160.005,-25.6025,-15.5364,100
1.633,0.999,-159.969,-25.1834,-15.1261,100
1.621,0.996,-159.888,-25.3399,-15.5343,100
1.626,0.988,-159.827,-24.2993,-15.8357,100
1.607,0.991,-159.803,-25.7993,-15.1585,100
1.595,0.987,-159.753,-25.2883,-15.6251,100
1.562,0.985,-159.703,-26.475,-15.5077,100
1.565,0.985,-159.686,-24.1497,-15.4063,100
1.556,0.989,-159.647,-24.9281,-15.2036,100
1.561,0.983,-159.622,-24.0853,-15.8542,100
1.543,0.988,-159.596,-25.5246,-15.1928,100
1.542,0.984,-159.58,-24.4333,-15.7927,100
1.554,0.986,-159.593,-23.713,-15.4407,100
1.588,0.976,-159.622,-22.5697,-16.1923,100
1.605,0.983,-159.704,-23.8911,-15.1468,100
1.626,0.985,-159.864,-23.8451,-15.528,100
1.64,0.985,-159.985,-24.4769,-15.6933,100
1.701,1.011,-160.254,-21.8867,-14.2007,100
1.752,1.034,-160.541,-23.0181,-14.6182,100
1.774,1.051,-160.679,-25.1849,-15.1883,100
1.79,1.055,-160.892,-25.7709,-16.1211,100
1.774,1.055,-160.977,-27.8337,-16.422,100
1.742,1.038,-160.952,-28.7008,-17.4529,100
1.662,1.002,-160.751,-31.3147,-18.4641,100
1.584,0.969,-160.307,-30.6087,-18.0315,100
1.569,0.966,-159.998,-26.3395,-16.0388,100
1.556,1.006,-159.262,-26.1526,-13.5247,100
1.534,1.023,-158.434,-26.6263,-15.2272,100
1.521,1.029,-158.013,-25.9716,-16.0418,100
1.483,1.013,-157.178,-27.3823,-17.4133,100
1.474,1.009,-156.393,-25.4247,-16.614,100
1.475,1.002,-156.054,-24.8138,-16.7905,100
1.516,0.985,-155.554,-22.5243,-17.3531,100
1.551,0.97,-155.451,-23.2545,-17.1312,100
1.595,0.968,-155.574,-23.0582,-16.2799,100
1.658,0.989,-156.04,-22.3493,-14.9466,100
1.761,1.044,-156.768,-20.5637,-13.1537,100
1.811,1.062,-157.216,-24.5557,-15.7988,100
1.901,1.099,-158.155,-22.6706,-14.8637,100
1.912,1.1,-159.07,-28.0872,-17.3074,100
1.901,1.092,-159.476,-29.5275,-17.8788,100
1.838,1.065,-160.071,-32.5497,-18.9639,100
1.748,1.039,-160.28,-33.6863,-18.7229,100
1.679,1.008,-160.234,-31.7887,-18.8409,100
1.566,0.95,-159.936,-33.8688,-20.2077,100
1.521,0.965,-159.472,-29.0247,-15.4923,100
1.532,0.989,-159.187,-25.429,-15.1163,100
1.56,1.009,-158.582,-24.5702,-15.5757,100
1.559,0.965,-158.031,-26.5461,-19.5216,100
1.565,0.947,-157.834,-26.1781,-17.675,100
1.579,0.963,-157.746,-25.808,-15.5675,100
1.694,0.978,-158.125,-20.0495,-15.7859,100
1.759,1.002,-158.478,-23.9598,-15.4103,100
1.922,1.109,-159.292,-18.7928,-10.7689,100
2.009,1.159,-160.119,-24.6205,-15.0065,100
2.007,1.155,-160.471,-30.6029,-18.6119,100
1.94,1.111,-160.925,-34.4631,-20.9626,100
1.879,1.083,-160.942,-33.636,-19.707,100
1.835,1.071,-160.777,-32.2101,-18.579,100
1.727,1.04,-160.165,-35.6687,-19.6314,100
1.59,0.98,-159.373,-36.5576,-21.1165,100
1.552,0.969,-158.934,-29.7038,-17.7932,100
1.559,1.01,-158.031,-26.8104,-14.6873,100
1.58,1.008,-157.189,-26.0962,-17.5706,100
1.593,0.992,-156.84,-26.7852,-18.4081,100
1.583,0.994,-156.423,-28.2898,-17.2563,100
1.635,0.99,-156.553,-24.6254,-17.6563,100
1.675,0.984,-157.022,-25.7997,-17.7736,100
1.713,1.003,-157.649,-26.2925,-16.2914,100
1.778,1.023,-158.574,-25.0701,-16.4179,100
1.84,1.047,-159.253,-25.8257,-16.3771,100
1.891,1.087,-159.787,-27.0283,-15.6657,100
1.894,1.094,-160.153,-30.3137,-17.9571,100
1.826,1.075,-160.088,-34.5622,-19.5733,100
1.711,1.027,-159.756,-36.831,-21.1559,100
1.561,0.954,-159.025,-38.0149,-22.2695,100
1.524,0.982,-158.4,-30.2349,-15.792,100
1.546,1.06,-157.79,-26.5277,-13.117,100
1.53,1.114,-157.156,-28.9826,-15.1851,100
1.522,1.12,-156.932,-28.4346,-18.4693,100
1.498,1.104,-156.803,-29.3578,-19.8438,100
1.615,1.033,-157.117,-20.9461,-22.9759,100
1.675,0.988,-157.402,-25.2804,-20.9146,100
1.778,1,-158.19,-23.2953,-17.243,100
1.869,1.093,-158.983,-24.8839,-12.6224,100
1.909,1.115,-159.33,-28.6657,-17.5679,100
1.911,1.124,-159.817,-31.277,-18.543,100
1.809,1.067,-159.845,-37.4529,-22.5215,100
1.729,1.034,-159.735,-35.4023,-20.691,100
1.553,0.957,-159.27,-40.4446,-23.0394,100
1.519,0.984,-158.711,-30.7551,-16.3539,100
1.541,1.024,-158.428,-27.2477,-15.8404,100
1.605,1.07,-158.002,-25.0117,-15.8431,100
1.616,1.057,-157.812,-28.6854,-19.7067,100
1.669,1.042,-157.833,-26.3635,-19.7538,100
1.799,1.039,-158.081,-22.3285,-18.9634,100
1.903,1.13,-158.521,-24.9554,-13.4614,100
1.91,1.167,-158.722,-31.54,-17.3952,100
1.769,1.156,-159.041,-40.336,-20.5446,100
1.542,1.035,-159.182,-44.3033,-26.9435,100
1.49,0.95,-159.201,-32.2689,-23.8943,100
1.577,0.924,-159.162,-23.7493,-19.7829,100
1.632,1.014,-158.971,-26.3755,-12.8024,100
1.65,1.027,-158.868,-29.0396,-18.073,100
1.739,1.038,-158.715,-25.0747,-18.328,100
1.924,1.137,-158.602,-20.217,-13.2902,100
2.042,1.223,-158.587,-25.6938,-14.8844,100
2.165,1.419,-158.669,-26.4146,-9.16509,100
2.037,1.562,-158.774,-42.19,-13.893,100
1.859,1.544,-158.861,-44.1595,-24.5324,100
1.649,1.354,-159.119,-44.6663,-34.5229,100
1.723,1.009,-159.279,-26.3808,-42.129,100
1.748,0.907,-159.364,-29.9041,-25.1423,100
1.689,0.945,-159.284,-35.0868,-16.1436,100
1.699,1.012,-159.138,-30.6219,-14.7791,100
1.8,1.064,-158.952,-25.4215,-16.2296,100
1.869,1.085,-158.806,-28.1674,-18.4994,100
1.885,1.125,-158.673,-31.8898,-17.5892,100
1.915,1.166,-158.509,-31.2585,-17.8883,100
1.929,1.213,-158.267,-32.4987,-17.9036,100
1.927,1.181,-158.129,-33.5493,-22.9525,100
1.914,1.142,-158.125,-34.1787,-23.1442,100
1.895,1.073,-158.181,-34.4267,-24.6269,100
1.874,1.062,-158.247,-34.392,-20.7067,100
1.885,1.083,-158.263,-32.3467,-18.7764,100
1.887,1.097,-158.266,-32.9627,-19.3906,100
1.903,1.119,-158.283,-32.1573,-19.0696,100
1.907,1.13,-158.205,-32.9893,-19.9275,100
1.906,1.135,-158.125,-33.3147,-20.4043,100
1.887,1.124,-157.873,-34.3627,-21.4194,100
1.858,1.091,-157.559,-34.7973,-22.6574,100
1.846,1.074,-157.383,-33.568,-21.4895,100
1.82,1.052,-157.084,-34.2933,-21.6809,100
1.828,1.063,-156.795,-32.0907,-19.6034,100
1.822,1.061,-156.639,-32.976,-20.4884,100
1.824,1.065,-156.339,-32.4587,-20.1549,100
1.826,1.072,-156.026,-32.4747,-20.0457,100
1.835,1.086,-155.852,-32.08,-19.7262,100
1.842,1.091,-155.482,-32.2693,-20.4015,100
1.829,1.086,-155.083,-33.4987,-21.0634,100
1.829,1.082,-154.892,-32.632,-20.9998,100
1.822,1.073,-154.474,-33.0427,-21.2959,100
1.815,1.063,-154.036,-32.9867,-21.317,100
1.807,1.059,-153.701,-32.9893,-20.9193,100
1.802,1.062,-153.355,-32.7493,-20.511,100
1.812,1.068,-152.867,-31.8293,-20.3936,100
1.813,1.079,-152.505,-32.4373,-20.1833,100
1.811,1.087,-152.148,-32.6213,-20.4825,100
1.8,1.099,-151.69,-33.1333,-20.3474,100
1.799,1.1,-151.481,-32.4587,-21.1244,100
1.776,1.091,-151.12,-33.7413,-21.7544,100
1.761,1.085,-150.847,-33.088,-21.5416,100
1.754,1.078,-150.743,-32.4987,-21.5872,100
1.745,1.08,-150.676,-32.56,-21.0381,100
1.742,1.086,-150.748,-32.136,-20.8547,100
1.749,1.113,-150.839,-31.5253,-19.7067,100
1.752,1.118,-150.949,-31.816,-21.2496,100
1.745,1.12,-151.099,-32.4267,-21.5019,100
1.742,1.135,-151.192,-32.136,-20.792,100
1.738,1.147,-151.244,-32.1707,-21.1252,100
1.742,1.156,-151.29,-31.6693,-21.4346,100
1.723,1.187,-151.367,-33.0507,-20.2544,100
1.703,1.221,-151.404,-32.9573,-20.366,100
1.703,1.235,-151.434,-31.624,-21.8513,100
1.691,1.241,-151.466,-32.328,-22.4729,100
1.696,1.214,-151.531,-31.2347,-24.4962,100
1.684,1.2,-151.575,-32.272,-23.5564,100
1.702,1.158,-151.662,-30.416,-25.1246,100
1.689,1.157,-151.755,-32.3787,-22.4208,100
1.688,1.16,-151.811,-31.5707,-22.2157,100
1.67,1.207,-151.933,-32.56,-19.6974,100
1.649,1.266,-152.067,-32.592,-19.4105,100
1.651,1.307,-152.141,-31.0747,-20.9808,100
1.625,1.371,-152.301,-32.7333,-20.0039,100
1.621,1.417,-152.481,-31.2347,-21.6178,100
1.601,1.432,-152.566,-32.1413,-23.8509,100
1.601,1.446,-152.777,-30.808,-24.0764,100
1.595,1.439,-153.007,-31.16,-25.467,100
1.601,1.426,-153.127,-30.408,-25.8092,100
1.593,1.41,-153.368,-31.2773,-25.9269,100
1.586,1.393,-153.596,-31.1547,-25.9027,100
1.592,1.394,-153.708,-30.336,-24.7559,100
1.581,1.395,-153.941,-31.3813,-24.8091,100
1.588,1.401,-154.214,-30.2373,-24.5691,100
1.573,1.407,-154.373,-31.584,-24.6627,100
1.592,1.396,-154.661,-29.4693,-25.7533,100
1.607,1.354,-154.922,-29.856,-27.5278,100
1.628,1.304,-155.038,-29.624,-27.7034,100
1.643,1.198,-155.201,-30.144,-30.6275,100
1.649,1.065,-155.274,-30.792,-31.398,100
1.655,1.015,-155.284,-30.84,-25.4976,100
1.634,1.022,-155.218,-32.472,-21.7867,100
1.659,1.043,-155.086,-29.6053,-21.0552,100
1.66,1.032,-155.02,-31.2133,-23.1339,100
1.657,1.012,-154.937,-31.456,-23.6067,100
1.656,1.013,-154.884,-31.3147,-22.2476,100
1.657,1.014,-154.868,-31.1893,-22.2884,100
1.66,1.003,-154.886,-31.08,-23.0329,100
1.652,1.005,-154.907,-31.7493,-22.2148,100
1.662,1.008,-154.899,-30.6293,-22.2048,100
1.66,1.012,-154.917,-31.4133,-22.2029,100
1.664,1.015,-154.916,-31.0453,-22.3265,100
1.664,1.016,-154.902,-31.312,-22.5007,100
1.664,1.015,-154.891,-31.312,-22.6589,100
1.66,1.01,-154.893,-31.5467,-22.9183,100
1.665,1.014,-154.897,-30.9867,-22.3832,100
1.663,1.006,-154.896,-31.4373,-23.1518,100
1.653,1.007,-154.903,-31.8907,-22.5924,100
1.654,1.002,-154.909,-31.1653,-22.9849,100
1.651,1.007,-154.904,-31.408,-22.3908,100
1.652,1.009,-154.903,-31.1493,-22.6395,100
1.638,1.006,-154.924,-32.0373,-22.9814,100
1.634,1.008,-154.916,-31.3387,-22.6968,100
1.629,1.004,-154.899,-31.3653,-23.0973,100
1.628,1.003,-154.901,-31.0907,-22.9218,100
1.624,0.999,-154.895,-31.2587,-23.1222,100
1.623,1.001,-154.876,-31.0507,-22.7706,100
1.618,0.999,-154.882,-31.2773,-23.0536,100
1.615,0.997,-154.877,-31.12,-23.0699,100
1.617,0.996,-154.87,-30.8027,-23.0275,100
1.614,1.001,-154.854,-31.112,-22.7,100
1.618,1,-154.852,-30.6773,-23.1244,100
1.615,0.998,-154.853,-31.12,-23.2074,100
1.619,1.003,-154.837,-30.6853,-22.8132,100
1.611,1.003,-154.833,-31.4213,-23.179,100
1.609,0.999,-154.83,-31.0053,-23.4461,100
1.617,0.999,-154.808,-30.4027,-23.2118,100
1.61,0.997,-154.796,-31.3467,-23.3614,100
1.612,0.997,-154.796,-30.7627,-23.2604,100
1.608,0.993,-154.798,-31.1307,-23.5272,100
1.606,0.997,-154.782,-30.9813,-23.0582,100
1.606,0.994,-154.792,-30.848,-23.5331,100
1.607,0.993,-154.779,-30.7893,-23.4239,100
1.61,0.996,-154.789,-30.68,-23.2135,100
1.612,0.999,-154.772,-30.7627,-23.2699,100
1.606,0.994,-154.776,-31.248,-23.7954,100
1.612,0.995,-154.764,-30.496,-23.4356,100
1.61,0.996,-154.748,-31.0133,-23.4759,100
1.609,0.991,-154.766,-30.9387,-23.868,100
1.605,0.987,-154.758,-31.1067,-23.8013,100
1.604,0.989,-154.748,-30.8987,-23.4494,100
1.602,0.985,-154.749,-30.9493,-23.8493,100
1.604,0.988,-154.751,-30.6987,-23.4386,100
1.613,0.992,-154.751,-30.304,-23.4361,100
1.607,0.995,-154.742,-31.256,-23.559,100
1.612,0.99,-154.751,-30.5627,-24.0844,100
1.609,0.99,-154.748,-31.072,-23.7832,100
1.62,0.997,-154.733,-30.2267,-23.4048,100
1.61,0.994,-154.735,-31.5467,-24.0797,100
1.606,0.994,-154.734,-31.1147,-23.9119,100
1.607,0.99,-154.722,-30.7893,-24.1786,100
1.607,0.993,-154.715,-30.856,-23.7681,100
1.609,0.989,-154.723,-30.7387,-24.2348,100
1.61,0.996,-154.722,-30.8133,-23.5898,100
1.615,0.993,-154.718,-30.5867,-24.2646,100
1.608,0.994,-154.723,-31.3307,-24.0382,100
1.615,0.992,-154.723,-30.4533,-24.2543,100
1.611,0.997,-154.713,-31.1547,-23.8599,100
1.612,0.998,-154.702,-30.8293,-24.1669,100
1.605,0.992,-154.72,-31.3067,-24.6177,100
1.607,0.996,-154.712,-30.7227,-24.0153,100
1.61,0.993,-154.704,-30.68,-24.4902,100
1.604,0.992,-154.713,-31.232,-24.381,100
1.61,0.989,-154.708,-30.48,-24.5224,100
1.608,0.99,-154.701,-30.9973,-24.2958,100
1.605,0.986,-154.716,-31.04,-24.6291,100
1.602,0.985,-154.713,-31.016,-24.453,100
1.608,0.989,-154.709,-30.464,-24.1837,100
1.605,0.989,-154.698,-31.04,-24.4824,100
1.608,0.986,-154.704,-30.664,-24.6903,100
1.609,0.98,-154.701,-30.8053,-24.8741,100
1.609,0.985,-154.689,-30.872,-24.2127,100
1.608,0.974,-154.695,-30.9307,-25.2229,100
1.605,0.972,-154.701,-31.04,-24.6384,100
1.614,0.974,-154.682,-30.312,-24.4193,100
1.61,0.974,-154.689,-31.1467,-24.5842,100
1.615,0.972,-154.697,-30.5867,-24.733,100
1.614,0.973,-154.683,-30.9787,-24.5725,100
1.618,0.973,-154.678,-30.6773,-24.6707,100
1.613,0.968,-154.677,-31.2373,-24.9954,100
1.615,0.969,-154.681,-30.7867,-24.6348,100
1.62,0.971,-154.665,-30.6267,-24.6156,100
1.612,0.974,-154.664,-31.4293,-24.6045,100
1.614,0.968,-154.666,-30.7787,-25.1879,100
1.615,0.975,-154.661,-30.8533,-24.4088,100
1.617,0.976,-154.666,-30.8027,-24.8484,100
1.607,0.974,-154.683,-31.5227,-25.064,100
1.614,0.979,-154.676,-30.4453,-24.669,100
1.614,0.979,-154.663,-30.912,-25.0341,100
1.607,0.974,-154.674,-31.3227,-25.359,100
1.61,0.976,-154.667,-30.68,-24.9399,100
1.612,0.984,-154.651,-30.7627,-24.6358,100
1.606,0.979,-154.667,-31.248,-25.4942,100
1.605,0.98,-154.666,-30.9067,-25.1339,100
1.612,0.983,-154.661,-30.4293,-25.0564,100
1.614,0.979,-154.65,-30.7787,-25.5228,100
1.611,0.977,-154.662,-31.088,-25.4052,100
1.608,0.974,-154.659,-31.064,-25.4794,100
1.612,0.976,-154.642,-30.6293,-25.1937,100
1.609,0.971,-154.659,-31.072,-25.6518,100
1.612,0.969,-154.651,-30.696,-25.4672,100
1.618,0.976,-154.629,-30.544,-24.9548,100
1.615,0.971,-154.633,-31.12,-25.7463,100
1.623,0.964,-154.644,-30.4507,-25.8548,100
1.619,0.966,-154.633,-31.2187,-25.3021,100
1.623,0.961,-154.646,-30.7173,-25.7599,100
1.622,0.962,-154.658,-31.0427,-25.3991,100
1.623,0.958,-154.68,-30.9173,-25.7315,100
1.626,0.961,-154.671,-30.808,-25.32,100
1.631,0.954,-154.678,-30.7147,-25.9615,100
1.626,0.953,-154.691,-31.3413,-25.5844,100
1.633,0.954,-154.707,-30.5973,-25.49,100
1.632,0.956,-154.706,-31.1227,-25.4703,100
1.632,0.962,-154.712,-31.056,-25.2828,100
1.63,0.956,-154.725,-31.1733,-26.048,100
1.634,0.96,-154.721,-30.8053,-25.4133,100
1.637,0.957,-154.724,-30.896,-25.856,100
1.629,0.956,-154.75,-31.5653,-25.7147,100
1.633,0.957,-154.754,-30.7973,-25.5893,100
1.631,0.96,-154.757,-31.1813,-25.48,100
1.634,0.958,-154.772,-30.872,-25.7973,100
1.633,0.96,-154.785,-31.1307,-25.5467,100
1.64,0.969,-154.796,-30.6533,-25.152,100
1.633,0.963,-154.814,-31.5307,-26.104,100
1.636,0.965,-154.836,-30.888,-25.5867,100
1.641,0.966,-154.849,-30.7947,-25.6613,100
1.639,0.973,-154.853,-31.2453,-25.3173,100
1.64,0.967,-154.872,-31.0533,-26.136,100
1.633,0.966,-154.878,-31.5307,-25.7947,100
1.638,0.968,-154.869,-30.7707,-25.6107,100
1.631,0.969,-154.886,-31.5147,-25.6853,100
1.633,0.968,-154.913,-30.9307,-25.8107,100
1.632,0.969,-154.917,-31.1227,-25.6853,100
1.627,0.973,-154.957,-31.3493,-25.5173,100
1.624,0.966,-154.99,-31.192,-26.1947,100
1.623,0.97,-154.981,-31.0507,-25.4933,100
1.612,0.962,-154.99,-31.6293,-26.2293,100
1.587,0.962,-154.994,-32.3627,-25.696,100
1.589,0.958,-154.981,-30.5787,-25.9307,100
1.573,0.959,-154.957,-31.6507,-25.6053,100
1.577,0.962,-154.946,-30.3493,-25.496,100
1.574,0.96,-154.934,-30.792,-25.8133,100
1.579,0.961,-154.922,-30.2987,-25.6213,100
1.576,0.959,-154.916,-30.808,-25.8053,100
1.572,0.959,-154.927,-30.8427,-25.672,100
1.578,0.96,-154.897,-30.224,-25.6133,100
1.573,0.964,-154.861,-30.9173,-25.4453,100
1.577,0.959,-154.857,-30.3493,-26.0053,100
1.575,0.962,-154.821,-30.7333,-25.496,100
1.583,0.964,-154.796,-30.1307,-25.5787,100
1.573,0.963,-154.801,-31.2507,-25.7707,100
1.576,0.959,-154.782,-30.408,-25.9387,100
1.578,0.955,-154.769,-30.4907,-25.9067,100
1.575,0.958,-154.767,-30.8,-25.464,100
1.576,0.956,-154.781,-30.5413,-25.7813,100
1.571,0.955,-154.789,-30.9013,-25.7067,100
1.572,0.956,-154.798,-30.5093,-25.5813,100
1.57,0.959,-154.823,-30.6933,-25.472,100
1.574,0.954,-154.849,-30.3253,-25.9653,100
1.578,0.959,-154.848,-30.3573,-25.3387,100
1.575,0.957,-154.882,-30.8,-25.7893,100
1.574,0.951,-154.908,-30.6587,-26.008,100
1.576,0.953,-154.902,-30.4747,-25.4907,100
1.575,0.948,-154.927,-30.6667,-25.9173,100
1.569,0.95,-154.961,-30.952,-25.4667,100
1.576,0.949,-154.968,-30.1413,-25.6587,100
1.566,0.951,-154.999,-31.1947,-25.4747,100
1.568,0.953,-155.044,-30.4107,-25.4907,100
1.567,0.952,-155.048,-30.6027,-25.6827,100
