PID Gains,0.1,0,0
BaseSpeed,1200
Pitch,Roll,Yaw,Pid_output_X,pid_output_Y,pid_output_Z
1.614,1.015,-159.441,-0.1614,-0.1015,100
1.616,1.015,-159.442,-0.1616,-0.1015,100
1.617,1.016,-159.439,-0.1617,-0.1016,100
1.617,1.016,-159.44,-0.1617,-0.1016,100
1.618,1.016,-159.439,-0.1618,-0.1016,100
1.618,1.016,-159.439,-0.1618,-0.1016,100
1.617,1.016,-159.438,-0.1617,-0.1016,100
1.615,1.014,-159.443,-0.1615,-0.1014,100
1.615,1.016,-159.436,-0.1615,-0.1016,100
1.613,1.015,-159.44,-0.1613,-0.1015,100
1.614,1.014,-159.44,-0.1614,-0.1014,100
1.615,1.017,-159.441,-0.1615,-0.1017,100
1.616,1.014,-159.446,-0.1616,-0.1014,100
1.616,1.016,-159.439,-0.1616,-0.1016,100
1.614,1.017,-159.451,-0.1614,-0.1017,100
1.615,1.013,-159.446,-0.1615,-0.1013,100
1.613,1.012,-159.445,-0.1613,-0.1012,100
1.614,1.013,-159.458,-0.1614,-0.1013,100
1.612,1.013,-159.457,-0.1612,-0.1013,100
1.612,1.011,-159.46,-0.1612,-0.1011,100
1.612,1.01,-159.459,-0.1612,-0.101,100
1.61,1.008,-159.471,-0.161,-0.1008,100
1.613,1.009,-159.467,-0.1613,-0.1009,100
1.614,1.003,-159.473,-0.1614,-0.1003,100
1.604,1.007,-159.485,-0.1604,-0.1007,100
1.614,1.003,-159.483,-0.1614,-0.1003,100
1.61,1.002,-159.502,-0.161,-0.1002,100
1.611,1.001,-159.489,-0.1611,-0.1001,100
1.612,1,-159.51,-0.1612,-0.1,100
1.613,0.999,-159.522,-0.1613,-0.0999,100
1.605,0.999,-159.538,-0.1605,-0.0999,100
1.609,0.998,-159.512,-0.1609,-0.0998,100
1.608,1.002,-159.546,-0.1608,-0.1002,100
1.611,0.998,-159.549,-0.1611,-0.0998,100
1.605,1.007,-159.534,-0.1605,-0.1007,100
1.61,0.999,-159.565,-0.161,-0.0999,100
1.605,1,-159.544,-0.1605,-0.1,100
1.613,1.005,-159.576,-0.1613,-0.1005,100
1.606,1.006,-159.58,-0.1606,-0.1006,100
1.608,1.002,-159.55,-0.1608,-0.1002,100
1.612,1.001,-159.594,-0.1612,-0.1001,100
1.607,1.005,-159.58,-0.1607,-0.1005,100
1.622,1.003,-159.598,-0.1622,-0.1003,100
1.617,1.004,-159.593,-0.1617,-0.1004,100
1.613,1.001,-159.612,-0.1613,-0.1001,100
1.614,1.008,-159.606,-0.1614,-0.1008,100
1.615,0.998,-159.628,-0.1615,-0.0998,100
1.626,1.01,-159.633,-0.1626,-0.101,100
1.616,1.008,-159.64,-0.1616,-0.1008,100
1.617,1.001,-159.676,-0.1617,-0.1001,100
1.614,1.007,-159.658,-0.1614,-0.1007,100
1.613,1.007,-159.708,-0.1613,-0.1007,100
1.624,1.012,-159.689,-0.1624,-0.1012,100
1.618,1.01,-159.698,-0.1618,-0.101,100
1.624,1.011,-159.732,-0.1624,-0.1011,100
1.62,1.011,-159.726,-0.162,-0.1011,100
1.625,1.01,-159.724,-0.1625,-0.101,100
1.629,1.008,-159.75,-0.1629,-0.1008,100
1.63,1.012,-159.732,-0.163,-0.1012,100
1.618,1.011,-159.743,-0.1618,-0.1011,100
1.619,1.009,-159.757,-0.1619,-0.1009,100
1.631,1.014,-159.756,-0.1631,-0.1014,100
1.618,1.014,-159.767,-0.1618,-0.1014,100
1.621,1.01,-159.784,-0.1621,-0.101,100
1.625,1.01,-159.799,-0.1625,-0.101,100
1.623,1.009,-159.798,-0.1623,-0.1009,100
1.622,1.014,-159.826,-0.1622,-0.1014,100
1.625,1.016,-159.819,-0.1625,-0.1016,100
1.633,1.013,-159.845,-0.1633,-0.1013,100
1.621,1.011,-159.874,-0.1621,-0.1011,100
1.629,1.016,-159.88,-0.1629,-0.1016,100
1.635,1.02,-159.906,-0.1635,-0.102,100
1.626,1.021,-159.932,-0.1626,-0.1021,100
1.631,1.015,-159.96,-0.1631,-0.1015,100
1.627,1.017,-159.986,-0.1627,-0.1017,100
1.632,1.022,-160.013,-0.1632,-0.1022,100
1.629,1.017,-160.037,-0.1629,-0.1017,100
1.619,1.019,-160.075,-0.1619,-0.1019,100
1.635,1.016,-160.111,-0.1635,-0.1016,100
1.635,1.022,-160.118,-0.1635,-0.1022,100
1.629,1.021,-160.162,-0.1629,-0.1021,100
1.63,1.017,-160.211,-0.163,-0.1017,100
1.629,1.02,-160.23,-0.1629,-0.102,100
1.638,1.022,-160.273,-0.1638,-0.1022,100
1.629,1.021,-160.312,-0.1629,-0.1021,100
1.623,1.01,-160.356,-0.1623,-0.101,100
1.634,1.011,-160.398,-0.1634,-0.1011,100
1.626,1.018,-160.45,-0.1626,-0.1018,100
1.635,1.025,-160.463,-0.1635,-0.1025,100
1.627,1.024,-160.526,-0.1627,-0.1024,100
1.626,1.019,-160.578,-0.1626,-0.1019,100
1.64,1.016,-160.604,-0.164,-0.1016,100
1.635,1.013,-160.654,-0.1635,-0.1013,100
1.645,1.011,-160.715,-0.1645,-0.1011,100
1.636,1.01,-160.75,-0.1636,-0.101,100
1.63,1.019,-160.808,-0.163,-0.1019,100
1.642,1.016,-160.865,-0.1642,-0.1016,100
1.634,1.013,-160.892,-0.1634,-0.1013,100
1.64,1.009,-160.953,-0.164,-0.1009,100
1.636,1.009,-161.005,-0.1636,-0.1009,100
1.635,1.019,-161.03,-0.1635,-0.1019,100
1.645,1.024,-161.086,-0.1645,-0.1024,100
1.625,1.036,-161.145,-0.1625,-0.1036,100
1.625,1.033,-161.176,-0.1625,-0.1033,100
1.623,1.027,-161.23,-0.1623,-0.1027,100
1.624,1.028,-161.271,-0.1624,-0.1028,100
1.633,1.025,-161.299,-0.1633,-0.1025,100
1.632,1.014,-161.337,-0.1632,-0.1014,100
1.638,1.004,-161.391,-0.1638,-0.1004,100
1.647,1.01,-161.397,-0.1647,-0.101,100
1.63,1.023,-161.441,-0.163,-0.1023,100
1.636,1.025,-161.472,-0.1636,-0.1025,100
1.623,1.023,-161.506,-0.1623,-0.1023,100
1.623,1.025,-161.541,-0.1623,-0.1025,100
1.639,1.019,-161.59,-0.1639,-0.1019,100
1.635,1.009,-161.602,-0.1635,-0.1009,100
1.65,0.997,-161.657,-0.165,-0.0997,100
1.64,1.003,-161.686,-0.164,-0.1003,100
1.644,1.015,-161.7,-0.1644,-0.1015,100
1.662,1.019,-161.731,-0.1662,-0.1019,100
1.646,1.024,-161.772,-0.1646,-0.1024,100
1.651,1.019,-161.795,-0.1651,-0.1019,100
1.651,1.009,-161.835,-0.1651,-0.1009,100
1.659,1,-161.866,-0.1659,-0.1,100
1.657,1.003,-161.888,-0.1657,-0.1003,100
1.648,1.017,-161.916,-0.1648,-0.1017,100
1.66,1.03,-161.956,-0.166,-0.103,100
1.666,1.034,-161.96,-0.1666,-0.1034,100
1.658,1.04,-162.008,-0.1658,-0.104,100
1.665,1.04,-162.051,-0.1665,-0.104,100
1.654,1.043,-162.078,-0.1654,-0.1043,100
1.647,1.039,-162.111,-0.1647,-0.1039,100
1.646,1.03,-162.144,-0.1646,-0.103,100
1.639,1.021,-162.165,-0.1639,-0.1021,100
1.66,1,-162.201,-0.166,-0.1,100
1.648,0.998,-162.238,-0.1648,-0.0998,100
1.654,1.017,-162.25,-0.1654,-0.1017,100
1.662,1.029,-162.274,-0.1662,-0.1029,100
1.66,1.048,-162.304,-0.166,-0.1048,100
1.652,1.049,-162.344,-0.1652,-0.1049,100
1.658,1.045,-162.352,-0.1658,-0.1045,100
1.663,1.036,-162.377,-0.1663,-0.1036,100
1.66,1.043,-162.403,-0.166,-0.1043,100
1.66,1.031,-162.42,-0.166,-0.1031,100
1.664,1.019,-162.443,-0.1664,-0.1019,100
1.66,1.011,-162.459,-0.166,-0.1011,100
1.656,1.001,-162.484,-0.1656,-0.1001,100
1.665,1.011,-162.514,-0.1665,-0.1011,100
1.665,1.02,-162.516,-0.1665,-0.102,100
1.673,1.026,-162.55,-0.1673,-0.1026,100
1.674,1.032,-162.574,-0.1674,-0.1032,100
1.666,1.037,-162.6,-0.1666,-0.1037,100
1.667,1.041,-162.61,-0.1667,-0.1041,100
1.656,1.056,-162.613,-0.1656,-0.1056,100
1.661,1.058,-162.594,-0.1661,-0.1058,100
1.635,1.044,-162.506,-0.1635,-0.1044,100
1.565,1.049,-162.296,-0.1565,-0.1049,100
1.555,1.065,-162.157,-0.1555,-0.1065,100
1.534,1.121,-161.826,-0.1534,-0.1121,100
1.521,1.174,-161.401,-0.1521,-0.1174,100
1.518,1.193,-161.159,-0.1518,-0.1193,100
1.485,1.208,-160.587,-0.1485,-0.1208,100
1.463,1.223,-159.974,-0.1463,-0.1223,100
1.451,1.222,-159.644,-0.1451,-0.1222,100
1.432,1.236,-158.988,-0.1432,-0.1236,100
1.463,1.212,-158.259,-0.1463,-0.1212,100
1.477,1.193,-157.89,-0.1477,-0.1193,100
1.546,1.13,-157.173,-0.1546,-0.113,100
1.625,1.039,-156.589,-0.1625,-0.1039,100
1.639,1.013,-156.354,-0.1639,-0.1013,100
1.591,1.057,-156.006,-0.1591,-0.1057,100
1.529,1.099,-155.73,-0.1529,-0.1099,100
1.51,1.124,-155.642,-0.151,-0.1124,100
1.482,1.158,-155.457,-0.1482,-0.1158,100
1.461,1.189,-155.357,-0.1461,-0.1189,100
1.469,1.184,-155.323,-0.1469,-0.1184,100
1.455,1.162,-155.353,-0.1455,-0.1162,100
1.433,1.148,-155.484,-0.1433,-0.1148,100
1.427,1.15,-155.601,-0.1427,-0.115,100
1.4,1.168,-155.832,-0.14,-0.1168,100
1.357,1.196,-156.026,-0.1357,-0.1196,100
1.317,1.22,-156.099,-0.1317,-0.122,100
1.253,1.311,-156.231,-0.1253,-0.1311,100
1.251,1.38,-156.385,-0.1251,-0.138,100
1.259,1.39,-156.477,-0.1259,-0.139,100
1.327,1.344,-156.722,-0.1327,-0.1344,100
1.411,1.225,-157.048,-0.1411,-0.1225,100
1.454,1.159,-157.245,-0.1454,-0.1159,100
1.546,1.014,-157.625,-0.1546,-0.1014,100
1.58,0.983,-158.004,-0.158,-0.0983,100
1.577,1.02,-158.168,-0.1577,-0.102,100
1.541,1.087,-158.482,-0.1541,-0.1087,100
1.503,1.14,-158.791,-0.1503,-0.114,100
1.484,1.154,-158.901,-0.1484,-0.1154,100
1.438,1.183,-159.064,-0.1438,-0.1183,100
1.381,1.216,-159.104,-0.1381,-0.1216,100
1.285,1.236,-159.118,-0.1285,-0.1236,100
1.044,1.323,-159.084,-0.1044,-0.1323,100
1.03,1.291,-158.945,-0.103,-0.1291,100
1.076,1.268,-158.942,-0.1076,-0.1268,100
1.082,1.28,-158.922,-0.1082,-0.128,100
1.011,1.284,-158.869,-0.1011,-0.1284,100
1.015,1.25,-158.951,-0.1015,-0.125,100
1.025,1.237,-159.021,-0.1025,-0.1237,100
1.026,1.243,-159.07,-0.1026,-0.1243,100
1.014,1.266,-159.093,-0.1014,-0.1266,100
1.016,1.244,-159.103,-0.1016,-0.1244,100
1.021,1.235,-159.085,-0.1021,-0.1235,100
1.011,1.228,-158.997,-0.1011,-0.1228,100
1.016,1.25,-158.936,-0.1016,-0.125,100
1.022,1.245,-158.929,-0.1022,-0.1245,100
1.003,1.231,-158.944,-0.1003,-0.1231,100
1.002,1.221,-158.974,-0.1002,-0.1221,100
1.003,1.213,-158.992,-0.1003,-0.1213,100
0.996,1.221,-159.044,-0.0996,-0.1221,100
0.999,1.224,-159.147,-0.0999,-0.1224,100
0.997,1.219,-159.199,-0.0997,-0.1219,100
0.991,1.211,-159.28,-0.0991,-0.1211,100
0.975,1.21,-159.339,-0.0975,-0.121,100
0.964,1.192,-159.392,-0.0964,-0.1192,100
0.948,1.189,-159.448,-0.0948,-0.1189,100
0.94,1.18,-159.563,-0.094,-0.118,100
0.935,1.17,-159.705,-0.0935,-0.117,100
0.94,1.165,-159.775,-0.094,-0.1165,100
0.95,1.173,-159.96,-0.095,-0.1173,100
0.957,1.182,-160.203,-0.0957,-0.1182,100
0.954,1.174,-160.379,-0.0954,-0.1174,100
0.956,1.187,-160.505,-0.0956,-0.1187,100
0.968,1.194,-160.538,-0.0968,-0.1194,100
0.975,1.205,-160.572,-0.0975,-0.1205,100
0.967,1.22,-160.583,-0.0967,-0.122,100
0.963,1.208,-160.581,-0.0963,-0.1208,100
0.958,1.196,-160.585,-0.0958,-0.1196,100
0.962,1.203,-160.604,-0.0962,-0.1203,100
0.983,1.22,-160.616,-0.0983,-0.122,100
0.987,1.231,-160.603,-0.0987,-0.1231,100
0.991,1.225,-160.58,-0.0991,-0.1225,100
0.982,1.213,-160.513,-0.0982,-0.1213,100
0.983,1.22,-160.463,-0.0983,-0.122,100
1.015,1.228,-160.341,-0.1015,-0.1228,100
1.036,1.253,-160.196,-0.1036,-0.1253,100
1.059,1.264,-160.134,-0.1059,-0.1264,100
1.083,1.286,-159.993,-0.1083,-0.1286,100
1.094,1.294,-159.866,-0.1094,-0.1294,100
1.097,1.277,-159.803,-0.1097,-0.1277,100
1.081,1.26,-159.744,-0.1081,-0.126,100
1.112,1.257,-159.719,-0.1112,-0.1257,100
1.105,1.259,-159.738,-0.1105,-0.1259,100
1.113,1.269,-159.759,-0.1113,-0.1269,100
1.132,1.263,-159.826,-0.1132,-0.1263,100
1.141,1.261,-159.875,-0.1141,-0.1261,100
1.235,1.228,-159.977,-0.1235,-0.1228,100
1.341,1.155,-160.061,-0.1341,-0.1155,100
1.404,1.103,-160.098,-0.1404,-0.1103,100
1.5,0.964,-160.17,-0.15,-0.0964,100
1.543,0.859,-160.245,-0.1543,-0.0859,100
1.56,0.859,-160.275,-0.156,-0.0859,100
1.53,0.91,-160.317,-0.153,-0.091,100
1.474,0.957,-160.355,-0.1474,-0.0957,100
1.445,0.972,-160.385,-0.1445,-0.0972,100
1.413,1.009,-160.401,-0.1413,-0.1009,100
1.442,1.034,-160.439,-0.1442,-0.1034,100
1.45,1.04,-160.438,-0.145,-0.104,100
1.459,1.022,-160.473,-0.1459,-0.1022,100
1.476,0.981,-160.503,-0.1476,-0.0981,100
1.48,0.97,-160.521,-0.148,-0.097,100
1.51,0.952,-160.548,-0.151,-0.0952,100
1.507,0.943,-160.573,-0.1507,-0.0943,100
1.496,0.931,-160.598,-0.1496,-0.0931,100
1.501,0.922,-160.624,-0.1501,-0.0922,100
1.496,0.92,-160.654,-0.1496,-0.092,100
1.515,0.918,-160.657,-0.1515,-0.0918,100
1.514,0.913,-160.691,-0.1514,-0.0913,100
1.513,0.921,-160.712,-0.1513,-0.0921,100
1.519,0.929,-160.732,-0.1519,-0.0929,100
1.495,0.956,-160.747,-0.1495,-0.0956,100
1.492,0.979,-160.777,-0.1492,-0.0979,100
1.475,0.983,-160.786,-0.1475,-0.0983,100
1.461,0.987,-160.809,-0.1461,-0.0987,100
1.476,0.965,-160.821,-0.1476,-0.0965,100
1.477,0.958,-160.826,-0.1477,-0.0958,100
1.509,0.937,-160.837,-0.1509,-0.0937,100
1.525,0.916,-160.855,-0.1525,-0.0916,100
1.533,0.916,-160.858,-0.1533,-0.0916,100
1.548,0.917,-160.88,-0.1548,-0.0917,100
1.523,0.944,-160.889,-0.1523,-0.0944,100
1.516,0.951,-160.907,-0.1516,-0.0951,100
1.497,0.974,-160.91,-0.1497,-0.0974,100
1.478,0.988,-160.917,-0.1478,-0.0988,100
1.483,0.987,-160.911,-0.1483,-0.0987,100
1.476,0.97,-160.921,-0.1476,-0.097,100
1.504,0.945,-160.934,-0.1504,-0.0945,100
1.52,0.928,-160.937,-0.152,-0.0928,100
1.529,0.913,-160.944,-0.1529,-0.0913,100
1.551,0.904,-160.95,-0.1551,-0.0904,100
1.536,0.911,-160.969,-0.1536,-0.0911,100
1.529,0.933,-160.975,-0.1529,-0.0933,100
1.506,0.953,-160.989,-0.1506,-0.0953,100
1.491,0.959,-160.975,-0.1491,-0.0959,100
1.485,0.956,-160.993,-0.1485,-0.0956,100
1.469,0.942,-160.989,-0.1469,-0.0942,100
1.48,0.934,-160.992,-0.148,-0.0934,100
1.506,0.909,-160.986,-0.1506,-0.0909,100
1.508,0.899,-160.999,-0.1508,-0.0899,100
1.521,0.894,-161.012,-0.1521,-0.0894,100
1.52,0.909,-161.028,-0.152,-0.0909,100
1.524,0.934,-161.036,-0.1524,-0.0934,100
1.521,0.945,-161.041,-0.1521,-0.0945,100
1.492,0.973,-161.043,-0.1492,-0.0973,100
1.49,0.976,-161.052,-0.149,-0.0976,100
1.484,0.977,-161.04,-0.1484,-0.0977,100
1.478,0.955,-161.041,-0.1478,-0.0955,100
1.498,0.918,-161.053,-0.1498,-0.0918,100
1.497,0.901,-161.063,-0.1497,-0.0901,100
1.529,0.876,-161.072,-0.1529,-0.0876,100
1.533,0.889,-161.076,-0.1533,-0.0889,100
1.526,0.907,-161.088,-0.1526,-0.0907,100
1.518,0.937,-161.102,-0.1518,-0.0937,100
1.483,0.975,-161.118,-0.1483,-0.0975,100
1.488,0.983,-161.102,-0.1488,-0.0983,100
1.476,0.991,-161.114,-0.1476,-0.0991,100
1.474,0.979,-161.116,-0.1474,-0.0979,100
1.485,0.956,-161.133,-0.1485,-0.0956,100
1.493,0.921,-161.129,-0.1493,-0.0921,100
1.524,0.893,-161.14,-0.1524,-0.0893,100
1.526,0.89,-161.15,-0.1526,-0.089,100
1.515,0.896,-161.173,-0.1515,-0.0896,100
1.519,0.919,-161.187,-0.1519,-0.0919,100
1.509,0.939,-161.182,-0.1509,-0.0939,100
1.493,0.974,-161.19,-0.1493,-0.0974,100
1.473,0.991,-161.205,-0.1473,-0.0991,100
1.462,0.997,-161.211,-0.1462,-0.0997,100
1.478,0.985,-161.22,-0.1478,-0.0985,100
1.48,0.965,-161.234,-0.148,-0.0965,100
1.488,0.942,-161.252,-0.1488,-0.0942,100
1.514,0.902,-161.271,-0.1514,-0.0902,100
1.527,0.879,-161.284,-0.1527,-0.0879,100
1.543,0.884,-161.287,-0.1543,-0.0884,100
1.524,0.907,-161.299,-0.1524,-0.0907,100
1.507,0.943,-161.326,-0.1507,-0.0943,100
1.497,0.952,-161.327,-0.1497,-0.0952,100
1.487,0.976,-161.337,-0.1487,-0.0976,100
1.475,0.978,-161.355,-0.1475,-0.0978,100
1.481,0.988,-161.357,-0.1481,-0.0988,100
1.481,0.981,-161.38,-0.1481,-0.0981,100
1.48,0.95,-161.399,-0.148,-0.095,100
1.504,0.907,-161.417,-0.1504,-0.0907,100
1.535,0.886,-161.426,-0.1535,-0.0886,100
1.546,0.879,-161.448,-0.1546,-0.0879,100
1.53,0.892,-161.474,-0.153,-0.0892,100
1.521,0.903,-161.486,-0.1521,-0.0903,100
1.516,0.924,-161.496,-0.1516,-0.0924,100
1.493,0.953,-161.516,-0.1493,-0.0953,100
1.485,0.961,-161.542,-0.1485,-0.0961,100
1.489,0.95,-161.556,-0.1489,-0.095,100
1.501,0.93,-161.576,-0.1501,-0.093,100
1.507,0.909,-161.587,-0.1507,-0.0909,100
1.512,0.891,-161.614,-0.1512,-0.0891,100
1.534,0.877,-161.64,-0.1534,-0.0877,100
1.54,0.884,-161.641,-0.154,-0.0884,100
1.525,0.904,-161.66,-0.1525,-0.0904,100
1.519,0.92,-161.688,-0.1519,-0.092,100
1.507,0.93,-161.721,-0.1507,-0.093,100
1.507,0.941,-161.724,-0.1507,-0.0941,100
1.489,0.949,-161.746,-0.1489,-0.0949,100
1.494,0.948,-161.768,-0.1494,-0.0948,100
1.49,0.95,-161.785,-0.149,-0.095,100
1.488,0.937,-161.811,-0.1488,-0.0937,100
1.499,0.934,-161.824,-0.1499,-0.0934,100
1.514,0.917,-161.859,-0.1514,-0.0917,100
1.516,0.906,-161.887,-0.1516,-0.0906,100
1.53,0.899,-161.902,-0.153,-0.0899,100
1.525,0.898,-161.93,-0.1525,-0.0898,100
1.517,0.893,-161.958,-0.1517,-0.0893,100
1.534,0.9,-161.973,-0.1534,-0.09,100
1.533,0.896,-161.994,-0.1533,-0.0896,100
1.512,0.907,-162.032,-0.1512,-0.0907,100
1.523,0.905,-162.064,-0.1523,-0.0905,100
1.516,0.909,-162.084,-0.1516,-0.0909,100
1.517,0.907,-162.111,-0.1517,-0.0907,100
1.52,0.899,-162.157,-0.152,-0.0899,100
1.518,0.901,-162.164,-0.1518,-0.0901,100
1.527,0.901,-162.202,-0.1527,-0.0901,100
1.524,0.902,-162.219,-0.1524,-0.0902,100
1.517,0.9,-162.248,-0.1517,-0.09,100
1.529,0.895,-162.271,-0.1529,-0.0895,100
1.516,0.898,-162.307,-0.1516,-0.0898,100
1.527,0.896,-162.311,-0.1527,-0.0896,100
1.525,0.892,-162.349,-0.1525,-0.0892,100
1.527,0.891,-162.377,-0.1527,-0.0891,100
1.535,0.895,-162.399,-0.1535,-0.0895,100
1.52,0.898,-162.412,-0.152,-0.0898,100
1.53,0.903,-162.443,-0.153,-0.0903,100
1.52,0.902,-162.454,-0.152,-0.0902,100
1.508,0.911,-162.484,-0.1508,-0.0911,100
1.518,0.915,-162.503,-0.1518,-0.0915,100
1.51,0.924,-162.508,-0.151,-0.0924,100
1.517,0.926,-162.522,-0.1517,-0.0926,100
1.507,0.922,-162.544,-0.1507,-0.0922,100
1.509,0.925,-162.546,-0.1509,-0.0925,100
1.525,0.912,-162.561,-0.1525,-0.0912,100
1.515,0.908,-162.567,-0.1515,-0.0908,100
1.519,0.899,-162.584,-0.1519,-0.0899,100
1.522,0.898,-162.588,-0.1522,-0.0898,100
1.518,0.905,-162.595,-0.1518,-0.0905,100
1.513,0.914,-162.597,-0.1513,-0.0914,100
1.515,0.913,-162.611,-0.1515,-0.0913,100
1.521,0.917,-162.596,-0.1521,-0.0917,100
1.514,0.924,-162.62,-0.1514,-0.0924,100
1.511,0.923,-162.623,-0.1511,-0.0923,100
1.522,0.921,-162.622,-0.1522,-0.0921,100
1.516,0.915,-162.638,-0.1516,-0.0915,100
1.52,0.902,-162.637,-0.152,-0.0902,100
1.529,0.886,-162.641,-0.1529,-0.0886,100
1.521,0.891,-162.649,-0.1521,-0.0891,100
1.533,0.89,-162.659,-0.1533,-0.089,100
1.517,0.898,-162.675,-0.1517,-0.0898,100
1.518,0.9,-162.659,-0.1518,-0.09,100
1.522,0.908,-162.675,-0.1522,-0.0908,100
1.509,0.92,-162.675,-0.1509,-0.092,100
1.514,0.918,-162.695,-0.1514,-0.0918,100
1.511,0.92,-162.697,-0.1511,-0.092,100
1.512,0.918,-162.71,-0.1512,-0.0918,100
1.516,0.916,-162.721,-0.1516,-0.0916,100
1.505,0.914,-162.741,-0.1505,-0.0914,100
1.522,0.9,-162.748,-0.1522,-0.09,100
1.524,0.896,-162.745,-0.1524,-0.0896,100
1.521,0.897,-162.752,-0.1521,-0.0897,100
1.526,0.897,-162.774,-0.1526,-0.0897,100
1.514,0.901,-162.779,-0.1514,-0.0901,100
1.521,0.91,-162.795,-0.1521,-0.091,100
1.512,0.924,-162.811,-0.1512,-0.0924,100
1.5,0.93,-162.829,-0.15,-0.093,100
1.507,0.928,-162.844,-0.1507,-0.0928,100
1.495,0.926,-162.854,-0.1495,-0.0926,100
1.51,0.922,-162.852,-0.151,-0.0922,100
1.503,0.918,-162.874,-0.1503,-0.0918,100
1.523,0.907,-162.869,-0.1523,-0.0907,100
1.522,0.896,-162.886,-0.1522,-0.0896,100
1.528,0.892,-162.907,-0.1528,-0.0892,100
1.526,0.886,-162.925,-0.1526,-0.0886,100
1.513,0.898,-162.94,-0.1513,-0.0898,100
1.525,0.911,-162.958,-0.1525,-0.0911,100
1.51,0.92,-162.976,-0.151,-0.092,100
1.498,0.934,-162.997,-0.1498,-0.0934,100
1.496,0.935,-163.021,-0.1496,-0.0935,100
1.492,0.942,-163.018,-0.1492,-0.0942,100
1.51,0.933,-163.045,-0.151,-0.0933,100
1.503,0.924,-163.075,-0.1503,-0.0924,100
1.505,0.916,-163.091,-0.1505,-0.0916,100
1.523,0.903,-163.115,-0.1523,-0.0903,100
1.519,0.903,-163.136,-0.1519,-0.0903,100
1.519,0.899,-163.161,-0.1519,-0.0899,100
1.512,0.901,-163.19,-0.1512,-0.0901,100
1.511,0.907,-163.225,-0.1511,-0.0907,100
1.525,0.921,-163.226,-0.1525,-0.0921,100
1.505,0.93,-163.263,-0.1505,-0.093,100
1.514,0.93,-163.29,-0.1514,-0.093,100
1.507,0.92,-163.312,-0.1507,-0.092,100
1.51,0.917,-163.333,-0.151,-0.0917,100
1.529,0.902,-163.368,-0.1529,-0.0902,100
1.518,0.896,-163.385,-0.1518,-0.0896,100
1.534,0.881,-163.426,-0.1534,-0.0881,100
1.527,0.883,-163.459,-0.1527,-0.0883,100
1.528,0.891,-163.473,-0.1528,-0.0891,100
1.538,0.895,-163.503,-0.1538,-0.0895,100
1.518,0.902,-163.54,-0.1518,-0.0902,100
1.523,0.906,-163.556,-0.1523,-0.0906,100
1.522,0.914,-163.595,-0.1522,-0.0914,100
1.518,0.924,-163.626,-0.1518,-0.0924,100
1.51,0.92,-163.651,-0.151,-0.092,100
1.508,0.914,-163.68,-0.1508,-0.0914,100
1.524,0.908,-163.708,-0.1524,-0.0908,100
1.525,0.913,-163.726,-0.1525,-0.0913,100
1.52,0.912,-163.74,-0.152,-0.0912,100
1.523,0.914,-163.782,-0.1523,-0.0914,100
1.527,0.906,-163.8,-0.1527,-0.0906,100
1.525,0.905,-163.831,-0.1525,-0.0905,100
1.532,0.908,-163.847,-0.1532,-0.0908,100
1.522,0.91,-163.879,-0.1522,-0.091,100
1.526,0.907,-163.887,-0.1526,-0.0907,100
1.526,0.903,-163.918,-0.1526,-0.0903,100
1.518,0.903,-163.939,-0.1518,-0.0903,100
1.527,0.903,-163.958,-0.1527,-0.0903,100
1.528,0.901,-163.96,-0.1528,-0.0901,100
1.537,0.903,-163.981,-0.1537,-0.0903,100
1.531,0.896,-163.986,-0.1531,-0.0896,100
1.537,0.895,-164.006,-0.1537,-0.0895,100
1.538,0.897,-164.023,-0.1538,-0.0897,100
1.54,0.89,-164.034,-0.154,-0.089,100
1.525,0.894,-164.064,-0.1525,-0.0894,100
1.538,0.889,-164.077,-0.1538,-0.0889,100
1.528,0.892,-164.084,-0.1528,-0.0892,100
1.532,0.895,-164.095,-0.1532,-0.0895,100
1.539,0.893,-164.117,-0.1539,-0.0893,100
1.53,0.895,-164.138,-0.153,-0.0895,100
1.534,0.891,-164.151,-0.1534,-0.0891,100
1.536,0.9,-164.167,-0.1536,-0.09,100
1.525,0.906,-164.166,-0.1525,-0.0906,100
1.524,0.907,-164.178,-0.1524,-0.0907,100
1.524,0.907,-164.19,-0.1524,-0.0907,100
1.514,0.917,-164.209,-0.1514,-0.0917,100
1.512,0.926,-164.204,-0.1512,-0.0926,100
1.514,0.929,-164.212,-0.1514,-0.0929,100
1.523,0.92,-164.224,-0.1523,-0.092,100
1.519,0.91,-164.241,-0.1519,-0.091,100
1.524,0.899,-164.238,-0.1524,-0.0899,100
1.546,0.883,-164.243,-0.1546,-0.0883,100
1.548,0.884,-164.251,-0.1548,-0.0884,100
1.541,0.877,-164.267,-0.1541,-0.0877,100
1.53,0.885,-164.258,-0.153,-0.0885,100
1.529,0.892,-164.286,-0.1529,-0.0892,100
1.527,0.903,-164.273,-0.1527,-0.0903,100
1.523,0.912,-164.289,-0.1523,-0.0912,100
1.523,0.915,-164.288,-0.1523,-0.0915,100
1.529,0.912,-164.292,-0.1529,-0.0912,100
1.52,0.91,-164.301,-0.152,-0.091,100
1.526,0.905,-164.319,-0.1526,-0.0905,100
1.528,0.902,-164.318,-0.1528,-0.0902,100
1.526,0.9,-164.321,-0.1526,-0.09,100
1.528,0.897,-164.336,-0.1528,-0.0897,100
1.535,0.897,-164.341,-0.1535,-0.0897,100
1.519,0.904,-164.353,-0.1519,-0.0904,100
1.53,0.902,-164.363,-0.153,-0.0902,100
1.532,0.904,-164.361,-0.1532,-0.0904,100
1.523,0.913,-164.374,-0.1523,-0.0913,100
1.527,0.914,-164.398,-0.1527,-0.0914,100
1.514,0.912,-164.408,-0.1514,-0.0912,100
1.519,0.917,-164.426,-0.1519,-0.0917,100
1.514,0.915,-164.431,-0.1514,-0.0915,100
1.509,0.92,-164.45,-0.1509,-0.092,100
1.521,0.91,-164.464,-0.1521,-0.091,100
1.509,0.918,-164.482,-0.1509,-0.0918,100
1.524,0.916,-164.473,-0.1524,-0.0916,100
1.525,0.914,-164.496,-0.1525,-0.0914,100
1.519,0.915,-164.515,-0.1519,-0.0915,100
1.525,0.91,-164.527,-0.1525,-0.091,100
1.519,0.912,-164.541,-0.1519,-0.0912,100
1.531,0.908,-164.557,-0.1531,-0.0908,100
1.525,0.904,-164.577,-0.1525,-0.0904,100
1.53,0.9,-164.585,-0.153,-0.09,100
1.524,0.902,-164.595,-0.1524,-0.0902,100
1.519,0.912,-164.616,-0.1519,-0.0912,100
1.52,0.908,-164.641,-0.152,-0.0908,100
1.518,0.916,-164.637,-0.1518,-0.0916,100
1.525,0.914,-164.661,-0.1525,-0.0914,100
1.514,0.924,-164.68,-0.1514,-0.0924,100
1.509,0.919,-164.703,-0.1509,-0.0919,100
1.521,0.916,-164.722,-0.1521,-0.0916,100
1.515,0.91,-164.745,-0.1515,-0.091,100
1.522,0.909,-164.762,-0.1522,-0.0909,100
1.522,0.894,-164.793,-0.1522,-0.0894,100
1.522,0.892,-164.821,-0.1522,-0.0892,100
1.538,0.897,-164.825,-0.1538,-0.0897,100
1.52,0.912,-164.854,-0.152,-0.0912,100
1.529,0.913,-164.887,-0.1529,-0.0913,100
1.518,0.909,-164.909,-0.1518,-0.0909,100
1.515,0.915,-164.935,-0.1515,-0.0915,100
1.528,0.912,-164.969,-0.1528,-0.0912,100
1.516,0.913,-164.99,-0.1516,-0.0913,100
1.519,0.909,-165.026,-0.1519,-0.0909,100
1.512,0.909,-165.053,-0.1512,-0.0909,100
1.514,0.914,-165.065,-0.1514,-0.0914,100
1.531,0.906,-165.093,-0.1531,-0.0906,100
1.519,0.901,-165.134,-0.1519,-0.0901,100
1.53,0.897,-165.145,-0.153,-0.0897,100
1.532,0.888,-165.185,-0.1532,-0.0888,100
1.531,0.894,-165.216,-0.1531,-0.0894,100
1.532,0.89,-165.245,-0.1532,-0.089,100
1.517,0.904,-165.276,-0.1517,-0.0904,100
1.524,0.914,-165.31,-0.1524,-0.0914,100
1.521,0.924,-165.321,-0.1521,-0.0924,100
1.508,0.931,-165.355,-0.1508,-0.0931,100
1.519,0.917,-165.398,-0.1519,-0.0917,100
1.52,0.912,-165.407,-0.152,-0.0912,100
1.532,0.894,-165.443,-0.1532,-0.0894,100
1.54,0.884,-165.473,-0.154,-0.0884,100
1.53,0.874,-165.503,-0.153,-0.0874,100
1.549,0.868,-165.533,-0.1549,-0.0868,100
1.533,0.872,-165.569,-0.1533,-0.0872,100
1.538,0.877,-165.575,-0.1538,-0.0877,100
1.534,0.881,-165.616,-0.1534,-0.0881,100
1.523,0.897,-165.643,-0.1523,-0.0897,100
1.535,0.904,-165.658,-0.1535,-0.0904,100
1.518,0.913,-165.678,-0.1518,-0.0913,100
1.526,0.909,-165.716,-0.1526,-0.0909,100
1.523,0.901,-165.737,-0.1523,-0.0901,100
1.523,0.9,-165.771,-0.1523,-0.09,100
1.537,0.887,-165.803,-0.1537,-0.0887,100
1.527,0.885,-165.818,-0.1527,-0.0885,100
1.532,0.886,-165.85,-0.1532,-0.0886,100
1.527,0.891,-165.877,-0.1527,-0.0891,100
1.526,0.903,-165.885,-0.1526,-0.0903,100
1.533,0.907,-165.915,-0.1533,-0.0907,100
1.511,0.916,-165.941,-0.1511,-0.0916,100
1.514,0.914,-165.96,-0.1514,-0.0914,100
1.52,0.906,-165.982,-0.152,-0.0906,100
1.522,0.903,-166,-0.1522,-0.0903,100
1.531,0.896,-166.014,-0.1531,-0.0896,100
1.527,0.888,-166.032,-0.1527,-0.0888,100
1.535,0.886,-166.063,-0.1535,-0.0886,100
1.53,0.891,-166.072,-0.153,-0.0891,100
1.532,0.893,-166.084,-0.1532,-0.0893,100
1.529,0.899,-166.099,-0.1529,-0.0899,100
1.533,0.904,-166.104,-0.1533,-0.0904,100
1.527,0.907,-166.129,-0.1527,-0.0907,100
1.532,0.911,-166.126,-0.1532,-0.0911,100
1.518,0.912,-166.146,-0.1518,-0.0912,100
1.532,0.904,-166.165,-0.1532,-0.0904,100
1.528,0.902,-166.187,-0.1528,-0.0902,100
1.528,0.901,-166.184,-0.1528,-0.0901,100
1.541,0.9,-166.203,-0.1541,-0.09,100
1.528,0.904,-166.216,-0.1528,-0.0904,100
1.536,0.909,-166.229,-0.1536,-0.0909,100
1.528,0.911,-166.233,-0.1528,-0.0911,100
1.534,0.914,-166.248,-0.1534,-0.0914,100
1.53,0.915,-166.257,-0.153,-0.0915,100
1.522,0.923,-166.263,-0.1522,-0.0923,100
1.52,0.921,-166.287,-0.152,-0.0921,100
1.528,0.917,-166.291,-0.1528,-0.0917,100
1.526,0.909,-166.295,-0.1526,-0.0909,100
1.52,0.908,-166.3,-0.152,-0.0908,100
1.532,0.893,-166.314,-0.1532,-0.0893,100
1.54,0.897,-166.324,-0.154,-0.0897,100
1.538,0.892,-166.328,-0.1538,-0.0892,100
1.534,0.895,-166.326,-0.1534,-0.0895,100
1.539,0.897,-166.332,-0.1539,-0.0897,100
1.543,0.892,-166.344,-0.1543,-0.0892,100
1.536,0.902,-166.339,-0.1536,-0.0902,100
1.531,0.906,-166.361,-0.1531,-0.0906,100
1.537,0.907,-166.365,-0.1537,-0.0907,100
1.519,0.912,-166.374,-0.1519,-0.0912,100
1.53,0.908,-166.359,-0.153,-0.0908,100
1.523,0.901,-166.374,-0.1523,-0.0901,100
1.527,0.898,-166.383,-0.1527,-0.0898,100
1.533,0.891,-166.389,-0.1533,-0.0891,100
1.519,0.899,-166.39,-0.1519,-0.0899,100
1.532,0.896,-166.396,-0.1532,-0.0896,100
1.524,0.9,-166.417,-0.1524,-0.09,100
1.521,0.901,-166.424,-0.1521,-0.0901,100
1.525,0.892,-166.442,-0.1525,-0.0892,100
1.52,0.894,-166.431,-0.152,-0.0894,100
1.53,0.89,-166.449,-0.153,-0.089,100
1.523,0.889,-166.453,-0.1523,-0.0889,100
1.522,0.892,-166.455,-0.1522,-0.0892,100
1.532,0.89,-166.459,-0.1532,-0.089,100
1.518,0.893,-166.472,-0.1518,-0.0893,100
1.525,0.891,-166.487,-0.1525,-0.0891,100
1.529,0.886,-166.504,-0.1529,-0.0886,100
1.532,0.884,-166.513,-0.1532,-0.0884,100
1.542,0.883,-166.519,-0.1542,-0.0883,100
1.528,0.885,-166.533,-0.1528,-0.0885,100
1.54,0.884,-166.55,-0.154,-0.0884,100
1.542,0.885,-166.549,-0.1542,-0.0885,100
1.531,0.891,-166.562,-0.1531,-0.0891,100
1.537,0.893,-166.579,-0.1537,-0.0893,100
1.52,0.895,-166.594,-0.152,-0.0895,100
1.523,0.903,-166.609,-0.1523,-0.0903,100
1.515,0.913,-166.617,-0.1515,-0.0913,100
1.511,0.925,-166.633,-0.1511,-0.0925,100
1.521,0.921,-166.648,-0.1521,-0.0921,100
1.511,0.919,-166.672,-0.1511,-0.0919,100
1.527,0.907,-166.667,-0.1527,-0.0907,100
1.536,0.892,-166.691,-0.1536,-0.0892,100
1.538,0.886,-166.716,-0.1538,-0.0886,100
1.542,0.88,-166.73,-0.1542,-0.088,100
1.525,0.887,-166.747,-0.1525,-0.0887,100
1.53,0.901,-166.765,-0.153,-0.0901,100
1.521,0.903,-166.786,-0.1521,-0.0903,100
1.512,0.916,-166.807,-0.1512,-0.0916,100
1.522,0.911,-166.834,-0.1522,-0.0911,100
1.519,0.921,-166.832,-0.1519,-0.0921,100
1.531,0.915,-166.865,-0.1531,-0.0915,100
1.53,0.902,-166.894,-0.153,-0.0902,100
1.53,0.895,-166.909,-0.153,-0.0895,100
1.545,0.877,-166.934,-0.1545,-0.0877,100
1.54,0.871,-166.958,-0.154,-0.0871,100
1.538,0.867,-166.988,-0.1538,-0.0867,100
1.54,0.872,-167.016,-0.154,-0.0872,100
1.528,0.884,-167.051,-0.1528,-0.0884,100
1.541,0.897,-167.059,-0.1541,-0.0897,100
1.525,0.911,-167.097,-0.1525,-0.0911,100
1.535,0.915,-167.132,-0.1535,-0.0915,100
1.537,0.907,-167.149,-0.1537,-0.0907,100
1.527,0.897,-167.178,-0.1527,-0.0897,100
1.542,0.884,-167.219,-0.1542,-0.0884,100
1.53,0.878,-167.237,-0.153,-0.0878,100
1.539,0.876,-167.277,-0.1539,-0.0876,100
1.538,0.873,-167.307,-0.1538,-0.0873,100
1.534,0.88,-167.324,-0.1534,-0.088,100
1.548,0.878,-167.36,-0.1548,-0.0878,100
1.531,0.882,-167.396,-0.1531,-0.0882,100
1.537,0.888,-167.41,-0.1537,-0.0888,100
1.534,0.895,-167.45,-0.1534,-0.0895,100
1.52,0.906,-167.488,-0.152,-0.0906,100
1.526,0.902,-167.51,-0.1526,-0.0902,100
1.518,0.901,-167.545,-0.1518,-0.0901,100
1.535,0.892,-167.574,-0.1535,-0.0892,100
1.539,0.882,-167.598,-0.1539,-0.0882,100
1.531,0.877,-167.624,-0.1531,-0.0877,100
1.541,0.871,-167.666,-0.1541,-0.0871,100
1.537,0.88,-167.673,-0.1537,-0.088,100
1.533,0.893,-167.708,-0.1533,-0.0893,100
1.532,0.904,-167.733,-0.1532,-0.0904,100
1.528,0.906,-167.765,-0.1528,-0.0906,100
1.527,0.904,-167.781,-0.1527,-0.0904,100
1.518,0.897,-167.811,-0.1518,-0.0897,100
1.528,0.894,-167.818,-0.1528,-0.0894,100
1.522,0.892,-167.842,-0.1522,-0.0892,100
1.533,0.891,-167.844,-0.1533,-0.0891,100
1.529,0.881,-167.872,-0.1529,-0.0881,100
1.524,0.883,-167.893,-0.1524,-0.0883,100
1.535,0.884,-167.91,-0.1535,-0.0884,100
1.526,0.884,-167.926,-0.1526,-0.0884,100
1.54,0.875,-167.956,-0.154,-0.0875,100
1.536,0.864,-167.966,-0.1536,-0.0864,100
1.531,0.856,-167.993,-0.1531,-0.0856,100
1.55,0.851,-168.005,-0.155,-0.0851,100
1.542,0.86,-168.012,-0.1542,-0.086,100
1.539,0.88,-168.026,-0.1539,-0.088,100
1.525,0.9,-168.045,-0.1525,-0.09,100
1.5,0.912,-168.07,-0.15,-0.0912,100
1.505,0.904,-168.081,-0.1505,-0.0904,100
1.516,0.891,-168.099,-0.1516,-0.0891,100
1.522,0.87,-168.102,-0.1522,-0.087,100
1.528,0.854,-168.115,-0.1528,-0.0854,100
1.538,0.846,-168.129,-0.1538,-0.0846,100
1.545,0.857,-168.154,-0.1545,-0.0857,100
1.536,0.876,-168.155,-0.1536,-0.0876,100
1.525,0.89,-168.167,-0.1525,-0.089,100
1.532,0.905,-168.18,-0.1532,-0.0905,100
1.523,0.903,-168.202,-0.1523,-0.0903,100
1.525,0.9,-168.192,-0.1525,-0.09,100
1.511,0.896,-168.218,-0.1511,-0.0896,100
1.522,0.872,-168.216,-0.1522,-0.0872,100
1.531,0.867,-168.224,-0.1531,-0.0867,100
1.528,0.859,-168.241,-0.1528,-0.0859,100
1.53,0.857,-168.231,-0.153,-0.0857,100
1.546,0.849,-168.256,-0.1546,-0.0849,100
1.529,0.86,-168.265,-0.1529,-0.086,100
1.535,0.866,-168.269,-0.1535,-0.0866,100
1.534,0.889,-168.275,-0.1534,-0.0889,100
1.519,0.904,-168.288,-0.1519,-0.0904,100
1.52,0.902,-168.305,-0.152,-0.0902,100
1.516,0.898,-168.311,-0.1516,-0.0898,100
1.51,0.895,-168.313,-0.151,-0.0895,100
1.52,0.882,-168.334,-0.152,-0.0882,100
1.527,0.874,-168.34,-0.1527,-0.0874,100
1.527,0.865,-168.355,-0.1527,-0.0865,100
1.542,0.855,-168.373,-0.1542,-0.0855,100
1.538,0.857,-168.372,-0.1538,-0.0857,100
1.539,0.856,-168.392,-0.1539,-0.0856,100
1.535,0.866,-168.41,-0.1535,-0.0866,100
1.531,0.875,-168.407,-0.1531,-0.0875,100
1.519,0.882,-168.423,-0.1519,-0.0882,100
1.527,0.885,-168.443,-0.1527,-0.0885,100
1.512,0.892,-168.455,-0.1512,-0.0892,100
1.516,0.893,-168.473,-0.1516,-0.0893,100
1.519,0.884,-168.49,-0.1519,-0.0884,100
1.52,0.878,-168.51,-0.152,-0.0878,100
1.537,0.87,-168.505,-0.1537,-0.087,100
1.528,0.867,-168.527,-0.1528,-0.0867,100
1.539,0.868,-168.549,-0.1539,-0.0868,100
1.532,0.867,-168.565,-0.1532,-0.0867,100
1.517,0.883,-168.584,-0.1517,-0.0883,100
1.526,0.89,-168.604,-0.1526,-0.089,100
1.51,0.892,-168.626,-0.151,-0.0892,100
1.511,0.888,-168.647,-0.1511,-0.0888,100
1.511,0.884,-168.671,-0.1511,-0.0884,100
1.511,0.89,-168.671,-0.1511,-0.089,100
1.531,0.885,-168.697,-0.1531,-0.0885,100
1.52,0.88,-168.728,-0.152,-0.088,100
1.522,0.868,-168.747,-0.1522,-0.0868,100
1.528,0.868,-168.766,-0.1528,-0.0868,100
1.521,0.876,-168.783,-0.1521,-0.0876,100
1.521,0.87,-168.814,-0.1521,-0.087,100
1.51,0.872,-168.837,-0.151,-0.0872,100
1.519,0.863,-168.875,-0.1519,-0.0863,100
1.516,0.867,-168.886,-0.1516,-0.0867,100
1.51,0.866,-168.92,-0.151,-0.0866,100
1.525,0.87,-168.957,-0.1525,-0.087,100
1.521,0.871,-168.977,-0.1521,-0.0871,100
1.523,0.887,-169.008,-0.1523,-0.0887,100
1.522,0.898,-169.048,-0.1522,-0.0898,100
1.505,0.902,-169.076,-0.1505,-0.0902,100
1.521,0.898,-169.12,-0.1521,-0.0898,100
1.508,0.887,-169.165,-0.1508,-0.0887,100
1.518,0.881,-169.179,-0.1518,-0.0881,100
1.525,0.856,-169.225,-0.1525,-0.0856,100
1.52,0.848,-169.255,-0.152,-0.0848,100
1.535,0.847,-169.276,-0.1535,-0.0847,100
1.527,0.862,-169.308,-0.1527,-0.0862,100
1.525,0.88,-169.35,-0.1525,-0.088,100
1.518,0.883,-169.368,-0.1518,-0.0883,100
1.502,0.899,-169.401,-0.1502,-0.0899,100
1.518,0.902,-169.429,-0.1518,-0.0902,100
1.511,0.901,-169.444,-0.1511,-0.0901,100
1.509,0.886,-169.469,-0.1509,-0.0886,100
1.515,0.865,-169.505,-0.1515,-0.0865,100
1.52,0.863,-169.514,-0.152,-0.0863,100
1.537,0.853,-169.554,-0.1537,-0.0853,100
1.524,0.847,-169.574,-0.1524,-0.0847,100

New PID Setting: 8.000000,6.000000,2.000000

1.523,0.844,-169.6,-12.3,-6.97935,100
1.519,0.87,-169.628,-12.5172,-5.2822,100
1.509,0.897,-169.657,-12.8861,-5.4606,100
1.498,0.922,-169.689,-12.9133,-5.8238,100
1.505,0.924,-169.689,-11.8181,-7.40307,100
1.484,0.914,-169.719,-13.5648,-8.15269,100
1.512,0.882,-169.739,-10.5712,-9.39193,100
1.513,0.864,-169.763,-12.4282,-8.34259,100
1.532,0.832,-169.774,-11.4298,-9.04688,100
1.538,0.84,-169.806,-12.3943,-6.47143,100
1.525,0.85,-169.813,-13.6064,-6.44564,100
1.527,0.859,-169.841,-12.6719,-6.61214,100
1.514,0.875,-169.869,-13.6169,-6.30182,100
1.535,0.873,-169.868,-11.568,-7.5141,100
1.531,0.871,-169.899,-13.2523,-7.52632,100
1.545,0.854,-169.92,-12.2143,-8.41799,100
1.543,0.853,-169.938,-13.315,-7.37096,100
1.546,0.85,-169.956,-13.0557,-7.50784,100
1.54,0.85,-169.971,-13.6576,-7.33538,100
1.535,0.847,-169.992,-13.6007,-7.53882,100
1.547,0.837,-170.01,-12.6135,-7.95261,100
1.545,0.848,-170.036,-13.5809,-6.66808,100
1.549,0.847,-170.05,-13.2631,-7.48752,100
1.533,0.853,-170.08,-14.5181,-7.09649,100
1.547,0.85,-170.112,-12.6802,-7.70003,100
1.541,0.859,-170.12,-14.0154,-6.99987,100
1.552,0.86,-170.149,-13.0204,-7.56906,100
1.533,0.859,-170.189,-14.9181,-7.72223,100
1.542,0.855,-170.202,-13.1734,-7.91793,100
1.538,0.85,-170.231,-14.0579,-7.97214,100
1.541,0.843,-170.263,-13.6651,-8.07678,100
1.534,0.846,-170.281,-14.3255,-7.46153,100
1.55,0.854,-170.309,-12.9704,-7.21986,100
1.552,0.849,-170.332,-13.97,-8.07404,100
1.557,0.855,-170.351,-13.8604,-7.41641,100
1.549,0.855,-170.375,-14.7133,-7.84411,100
1.54,0.858,-170.405,-14.7579,-7.69591,100
1.541,0.858,-170.422,-14.1491,-7.92371,100
1.553,0.853,-170.435,-13.5621,-8.24468,100
1.549,0.848,-170.446,-14.647,-8.23215,100
1.551,0.852,-170.463,-14.3132,-7.69176,100
1.541,0.846,-170.488,-15.0831,-8.33783,100
1.539,0.852,-170.487,-14.5837,-7.61344,100
1.529,0.851,-170.509,-15.0865,-8.09968,100
1.538,0.856,-170.514,-13.9417,-7.76741,100
1.541,0.856,-170.523,-14.4156,-8.12848,100
1.539,0.854,-170.549,-14.7828,-8.27348,100
1.551,0.844,-170.563,-13.9958,-8.75416,100
1.553,0.854,-170.562,-14.7287,-7.5285,100
1.547,0.856,-170.576,-15.2642,-8.10557,100
1.547,0.86,-170.552,-14.9143,-8.0321,100
1.532,0.857,-170.478,-15.8439,-8.50253,100
1.513,0.848,-170.296,-16.0076,-8.85801,100
1.501,0.858,-170.106,-15.4936,-7.69914,100
1.508,0.869,-169.894,-14.3318,-7.74863,100
1.526,0.898,-169.295,-13.7919,-6.80972,100
1.631,0.912,-168.458,-8.88475,-7.95127,100
1.671,0.921,-167.979,-13.5922,-8.38644,100
1.772,0.95,-166.965,-10.391,-7.31589,100
1.854,1.028,-165.879,-12.3737,-4.70653,100
1.91,1.075,-165.332,-14.6169,-7.18403,100
1.995,1.143,-164.293,-13.4282,-6.36506,100
1.971,1.147,-163.365,-20.5668,-10.7009,100
1.89,1.107,-162.939,-23.78,-13.3501,100
1.614,0.974,-162.155,-34.6243,-18.5176,100
1.341,0.869,-161.493,-32.2837,-15.8391,100
1.275,0.909,-161.189,-17.997,-6.52192,100
1.365,1.075,-160.708,-8.36127,0.515247,100
1.591,1.119,-160.284,-1.15415,-8.00634,100
1.722,1.066,-160.091,-8.59128,-14.0835,100
1.83,0.97,-159.807,-11.0479,-16.2136,100
1.823,1.007,-159.624,-18.7176,-7.6756,100
1.841,1.033,-159.54,-17.2546,-8.6504,100
1.966,1.085,-159.491,-11.185,-7.36822,100
2.067,1.157,-159.543,-13.66,-6.64838,100
2.088,1.214,-159.584,-19.2289,-8.14371,100
2.089,1.281,-159.723,-20.638,-8.05455,100
2.099,1.292,-159.902,-20.186,-11.9177,100
2.1,1.279,-159.981,-20.862,-13.4552,100
2.068,1.227,-160.114,-22.873,-15.6789,100
2.013,1.145,-160.199,-24.0316,-17.06,100
1.972,1.106,-160.242,-22.8341,-13.9172,100
1.858,1.038,-160.274,-26.849,-15.3402,100
1.726,0.967,-160.293,-27.0489,-15.0035,100
1.656,0.928,-160.294,-22.4092,-12.5882,100
1.61,0.891,-160.298,-20.4934,-12.1878,100
1.639,0.929,-160.252,-15.7785,-7.52187,100
1.642,0.944,-160.212,-17.589,-9.20579,100
1.514,0.923,-160.171,-25.3474,-11.4677,100
1.406,0.917,-160.14,-23.1956,-10.4494,100
1.39,0.94,-160.129,-16.9793,-8.73053,100
1.458,1.006,-160.105,-11.9706,-6.42445,100
1.496,1.001,-160.114,-14.323,-11.1502,100
1.511,0.952,-160.149,-16.0253,-13.7224,100
1.523,0.859,-160.211,-16.3707,-15.9396,100
1.595,0.891,-160.234,-12.9984,-7.8911,100
1.626,0.923,-160.165,-16.0324,-8.177,100
1.711,0.962,-159.991,-13.1678,-8.0535,100
1.731,0.979,-159.889,-17.7172,-9.68789,100
1.739,0.984,-159.857,-18.6376,-10.5598,100
1.773,1.004,-159.867,-17.2337,-9.7523,100
1.897,1.055,-159.966,-12.2872,-8.12782,100
1.99,1.107,-160.004,-15.1623,-8.51302,100
2.173,1.281,-160.098,-10.6967,-1.81319,100
2.306,1.551,-160.149,-15.1687,2.37656,100
2.368,1.686,-160.179,-20.4748,-7.75807,100
2.497,1.92,-160.3,-17.121,-3.09228,100
2.611,2.082,-160.447,-19.1176,-9.25573,100
2.661,2.14,-160.524,-23.8705,-16.7224,100
2.769,2.232,-160.67,-20.9576,-15.2641,100
2.827,2.303,-160.714,-24.8465,-17.3067,100
2.835,2.316,-160.695,-28.3357,-21.3524,100
2.795,2.291,-160.717,-31.3062,-23.7599,100
2.757,2.196,-160.78,-30.9582,-27.7378,100
2.749,2.148,-160.812,-28.9833,-24.29,100
2.813,2.085,-160.936,-24.7864,-24.8536,100
2.986,2.115,-161.135,-19.0005,-18.9621,100
3.081,2.18,-161.259,-25.0603,-17.2194,100
3.312,2.44,-161.415,-17.949,-6.37845,100
3.664,2.891,-161.569,-12.817,2.65322,100
3.892,3.186,-161.653,-23.0338,-10.21,100
4.465,3.88,-161.821,-4.76247,10.7123,100
5.177,4.585,-161.98,-1.35954,5.65706,100
5.558,4.921,-162.057,-26.6543,-21.7904,100
6.342,5.524,-162.197,-6.2651,-8.99336,100
7.077,6.002,-162.344,-15.6411,-21.3452,100
7.434,6.16,-162.425,-43.9379,-44.1421,100
8.007,6.357,-162.639,-34.3813,-43.324,100
8.427,6.267,-162.854,-48.2144,-61.9404,100
8.527,6.143,-162.968,-70.624,-63.4141,100
8.608,5.678,-163.164,-72.8176,-82.6114,100
8.468,5.017,-163.341,-86.7053,-90.5526,100
8.347,4.601,-163.422,-84.741,-71.0404,100
7.995,3.706,-163.475,-97.5841,-95.9338,100
7.603,2.718,-163.374,-97.3611,-94.3179,100
7.457,2.207,-163.294,-80.0347,-58.5014,100
7.191,1.177,-163.095,-86.1397,-84.8995,100
6.984,0.083,-162.86,-80.7766,-80.4169,100
6.871,-0.477,-162.734,-73.8286,-40.3214,100
6.557,-1.691,-162.492,-84.929,-74.1546,100
6.177,-2.945,-162.233,-86.4891,-66.6939,100
5.987,-3.548,-162.106,-72.4965,-18.3549,100
5.619,-4.689,-161.841,-81.6012,-44.9416,100
5.335,-5.699,-161.548,-73.902,-27.9437,100
5.24,-6.146,-161.41,-60.7118,13.3648,100
5.056,-6.86,-161.115,-65.337,1.49906,100
4.941,-7.338,-160.801,-59.977,21.2941,100
4.934,-7.496,-160.617,-52.8809,44.1344,100
4.939,-7.558,-160.123,-52.2809,51.2752,100
4.97,-7.285,-159.441,-50.9566,71.6606,100
5.001,-7.029,-159.046,-51.3667,68.707,100
5.152,-6.216,-158.137,-44.7416,99.5377,100
5.397,-5.044,-157.077,-40.6098,100,100
5.507,-4.345,-156.504,-50.6682,77.2739,100
5.725,-2.8,-155.336,-45.3977,100,100
5.944,-1.014,-154.124,-47.2756,100,100
6.026,-0.044,-153.511,-57.2602,61.0576,100
6.16,1.976,-152.316,-55.0651,100,100
6.144,4.083,-151.167,-65.1362,100,100
6.073,5.159,-150.61,-68.4316,26.1368,100
5.945,7.319,-149.537,-71.4002,80.8863,100
5.767,9.501,-148.549,-73.4964,64.5892,100
5.635,10.577,-148.094,-69.5563,-18.0949,100
5.334,12.663,-147.236,-78.5878,32.1402,100
4.978,14.681,-146.513,-79.5678,10.9872,100
4.796,15.646,-146.202,-66.6672,-67.4397,100
4.488,17.454,-145.65,-72.7486,-26.2692,100
4.207,19.089,-145.201,-68.8369,-51.5011,100
4.073,19.828,-145.02,-58.0968,-100,100
3.854,21.06,-144.718,-62.1364,-95.4605,100
3.67,21.99,-144.486,-58.4499,-100,100
3.579,22.356,-144.417,-51.6379,-100,100
3.45,22.788,-144.315,-53.251,-100,100
3.382,22.857,-144.282,-48.7499,-100,100
3.379,22.777,-144.295,-44.5021,-100,100
3.452,22.278,-144.381,-40.1313,-100,100
3.676,21.396,-144.568,-31.9757,-100,100
3.846,20.837,-144.706,-37.0603,-100,100
4.268,19.437,-145.011,-23.7746,-100,100
4.791,17.687,-145.35,-21.3805,-100,100
5.224,16.227,-145.603,-30.9253,-100,100
5.701,14.618,-145.886,-31.808,-100,100
6.425,12.295,-146.25,-21.1333,-100,100
7.001,10.473,-146.518,-35.608,-100,100
7.387,9.234,-146.717,-51.3627,-100,100
7.794,7.954,-146.904,-53.2187,-100,100
8.396,6.012,-147.208,-45.0347,-100,100
8.778,4.733,-147.418,-62.7573,-100,100
9.568,2.146,-147.867,-41.8773,-100,100
10.297,-0.414,-148.332,-51.776,-100,100
10.773,-2.272,-148.659,-72.4507,-100,100
11.199,-4.097,-149.007,-79.192,-100,100
11.663,-6.367,-149.434,-80.3707,-100,100
11.946,-7.978,-149.763,-94.7013,-60.8915,100
12.098,-8.998,-149.941,-100,-13.0399,100
12.213,-9.921,-150.131,-100,1.13219,100
12.362,-11.19,-150.337,-100,-11.4199,100
12.455,-12.305,-150.556,-100,8.16543,100
12.49,-12.952,-150.629,-100,44.9611,100
12.482,-13.474,-150.719,-100,57.907,100
12.415,-14.324,-150.833,-100,43.3044,100
12.27,-14.826,-150.919,-100,71.0008,100
12.173,-14.911,-150.901,-100,99.9639,100
11.941,-14.852,-150.873,-100,100,100
11.699,-14.435,-150.801,-100,100,100
11.584,-14.111,-150.742,-100,100,100
11.336,-13.179,-150.601,-100,100,100
11.081,-11.959,-150.426,-100,100,100
10.95,-11.283,-150.332,-100,100,100
10.652,-9.731,-150.096,-100,100,100
10.291,-7.987,-149.8,-100,100,100
10.074,-7.031,-149.63,-100,100,100
9.596,-5.096,-149.291,-100,100,100
9.037,-3.108,-148.941,-100,100,100
8.743,-2.106,-148.768,-100,73.7126,100
8.096,-0.111,-148.469,-100,100,100
7.392,1.823,-148.213,-100,100,100
7.029,2.74,-148.098,-98.432,29.1337,100
6.302,4.538,-147.909,-100,73.336,100
5.658,6.256,-147.774,-100,54.0559,100
5.362,7.102,-147.725,-80.6293,-11.0755,100
4.835,8.645,-147.68,-91.8133,22.7671,100
4.357,9.988,-147.719,-84.7227,-1.63386,100
4.136,10.554,-147.735,-65.8213,-58.3038,100
3.739,11.535,-147.85,-74.3787,-38.8589,100
3.436,12.279,-148.02,-65.688,-61.0087,100
3.32,12.571,-148.119,-52.2933,-93.8854,100
3.184,12.906,-148.347,-52.5387,-94.1168,100
3.159,12.941,-148.609,-44.9387,-100,100
3.192,12.858,-148.743,-41.336,-100,100
3.358,12.424,-149.047,-33.7973,-100,100
3.646,11.653,-149.383,-27.968,-100,100
3.843,11.136,-149.563,-35.6107,-100,100
4.28,9.87,-149.944,-23.1067,-100,100
4.791,8.263,-150.346,-22.2613,-100,100
5.074,7.328,-150.537,-39.7253,-100,100
5.644,5.271,-150.965,-25.152,-100,100
6.235,2.966,-151.406,-28.48,-100,100
6.555,1.726,-151.629,-49.1067,-100,100
7.188,-0.862,-152.052,-33.304,-100,100
7.82,-3.585,-152.443,-38.4267,-100,100
8.14,-4.967,-152.629,-61.7867,-68.419,100
8.731,-7.74,-152.954,-48.448,-100,100
9.29,-10.499,-153.239,-55.0533,-100,100
9.547,-11.806,-153.364,-77.2427,-7.73356,100
10.032,-14.302,-153.544,-65.9227,-66.5688,100
10.454,-16.538,-153.635,-73.4987,-30.8117,100
10.621,-17.512,-153.636,-91.8347,61.681,100
10.943,-19.227,-153.566,-84.0773,26.624,100
11.2,-20.48,-153.403,-90.4667,68.1115,100
11.281,-20.915,-153.266,-100,100,100
11.387,-21.429,-152.917,-100,100,100
11.391,-21.379,-152.458,-100,100,100
11.343,-21.138,-152.192,-100,100,100
11.212,-20.272,-151.592,-100,100,100
11.01,-18.895,-150.937,-100,100,100
10.818,-17.552,-150.421,-100,100,100
10.588,-16.017,-149.885,-100,100,100
10.266,-13.736,-149.171,-100,100,100
10.013,-11.871,-148.638,-100,100,100
9.843,-10.618,-148.276,-100,100,100
9.644,-9.311,-147.917,-100,100,100
9.231,-6.743,-147.192,-100,100,100
8.783,-4.239,-146.506,-100,100,100
8.544,-3.021,-146.185,-100,100,100
8.062,-0.707,-145.596,-100,100,100
7.591,1.429,-145.077,-100,100,100
7.363,2.385,-144.851,-92.104,39.3928,100
6.933,4.132,-144.448,-100,78.0162,100
6.56,5.619,-144.095,-95.3467,48.6048,100
6.397,6.295,-143.956,-80.0427,-11.0738,100
6.116,7.414,-143.7,-85.6613,9.26732,100
5.901,8.237,-143.539,-79.5413,-17.3169,100
5.824,8.518,-143.491,-69.7253,-55.9742,100
5.699,8.894,-143.448,-71.9253,-52.937,100
5.614,8.976,-143.474,-68.5787,-73.4839,100
5.594,8.888,-143.51,-64.0853,-84.4012,100
5.619,8.547,-143.605,-61.2853,-98.8168,100
5.729,7.955,-143.764,-56.4987,-100,100
5.816,7.589,-143.872,-58.728,-93.3231,100
6.091,6.666,-144.113,-48.3947,-100,100
6.468,5.55,-144.395,-44.6107,-100,100
6.681,4.942,-144.552,-57.248,-88.8363,100
7.139,3.576,-144.898,-44.5787,-100,100
7.639,2.064,-145.271,-45.7787,-100,100
7.915,1.273,-145.465,-62.92,-71.9083,100
8.451,-0.341,-145.856,-49.8747,-100,100
8.994,-1.969,-146.243,-53.752,-100,100
9.272,-2.77,-146.428,-73.6427,-40.0664,100
9.772,-4.331,-146.793,-62.8427,-78.1047,100
10.201,-5.821,-147.111,-71.008,-61.2628,100
10.397,-6.506,-147.248,-88.1093,-1.90531,100
10.7,-7.706,-147.488,-83.4,-26.389,100
10.918,-8.673,-147.644,-90.8107,-2.83863,100
11.002,-9.046,-147.675,-100,40.0385,100
11.083,-9.514,-147.721,-100,37.7574,100
11.059,-9.654,-147.695,-100,61.0568,100
11.007,-9.612,-147.638,-100,73.1656,100
10.787,-9.244,-147.515,-100,92.2544,100
10.433,-8.581,-147.355,-100,100,100
10.209,-8.168,-147.259,-100,87.1891,100
9.698,-7.108,-147.073,-100,100,100
9.125,-5.825,-146.884,-100,100,100
8.669,-4.767,-146.747,-100,100,100
8.17,-3.664,-146.611,-100,97.8493,100
7.478,-2.195,-146.452,-100,100,100
6.933,-1.104,-146.346,-100,76.6762,100
6.569,-0.415,-146.279,-94.8187,44.3776,100
6.182,0.272,-146.225,-93.256,38.7395,100
5.614,1.222,-146.15,-100,48.6332,100
5.07,2.111,-146.085,-94.8267,37.3862,100
4.717,2.659,-146.06,-79.2693,10.1827,100
4.396,3.158,-146.033,-74.568,2.82169,100
3.951,3.813,-146.021,-79.2747,7.85815,100
3.517,4.337,-146.029,-75.0693,-5.2077,100
3.235,4.623,-146.02,-62.68,-23.5122,100
2.961,4.816,-146.03,-59.9547,-31.4122,100
2.415,5.047,-146.051,-73.72,-30.8904,100
1.891,5.055,-146.08,-68.0613,-45.9848,100
1.634,5,-146.114,-48.2053,-49.9068,100
1.201,4.753,-146.179,-56.4747,-60.8848,100
0.867,4.377,-146.27,-47.2027,-66.6186,100
0.734,4.159,-146.33,-32.7387,-54.4761,100
0.486,3.627,-146.438,-38.4213,-71.2709,100
0.275,3,-146.539,-34.2667,-72.6854,100
0.201,2.66,-146.576,-24.5413,-50.9183,100
0.106,1.999,-146.677,-25.1813,-67.0951,100
0.16,1.344,-146.794,-15.68,-61.4986,100
0.258,1.009,-146.855,-13.5307,-37.518,100
0.533,0.392,-146.956,-3.93067,-51.3947,100
0.913,-0.202,-147.04,0.0293333,-45.1028,100
1.145,-0.499,-147.07,-11.6933,-22.9106,100
1.576,-1.066,-147.128,-1.87467,-36.3401,100
2.011,-1.63,-147.188,-5.088,-31.5753,100
2.225,-1.883,-147.222,-21.5333,-8.75692,100
2.679,-2.385,-147.296,-9.16533,-21.2636,100
3.171,-2.827,-147.361,-10.568,-13.6361,100
3.398,-3.022,-147.36,-30.0507,4.48852,100
3.849,-3.368,-147.356,-18.7253,-2.70102,100
4.172,-3.64,-147.323,-29.8427,4.52625,100
4.292,-3.775,-147.302,-44.336,14.8619,100
4.367,-3.997,-147.225,-47.936,10.9674,100
4.306,-4.156,-147.114,-56.5147,16.5741,100
4.231,-4.19,-147.038,-56.848,25.3151,100
4.131,-4.176,-146.907,-57.7147,28.5384,100
4.089,-3.992,-146.798,-53.512,38.5291,100
4.112,-3.878,-146.758,-49.3627,33.0761,100
4.174,-3.527,-146.679,-47.2587,46.1824,100
4.257,-3.122,-146.651,-46.5227,46.6435,100
4.307,-2.888,-146.655,-49.1227,33.4651,100
4.361,-2.403,-146.675,-49.288,46.3963,100
4.397,-1.899,-146.716,-50.776,43.6925,100
4.379,-1.624,-146.741,-54.232,26.2784,100
4.339,-1.106,-146.833,-55.3787,38.3703,100
4.299,-0.565,-146.964,-55.0587,35.5939,100
4.271,-0.285,-147.036,-54.0347,15.9631,100
4.253,0.221,-147.185,-53.224,26.9746,100
4.19,0.667,-147.349,-55.72,19.385,100
4.126,0.841,-147.431,-55.2747,-0.167546,100
3.966,1.154,-147.589,-60.3947,6.55773,100
3.735,1.42,-147.756,-63.28,1.25039,100
3.628,1.528,-147.872,-54.1573,-10.1965,100
3.436,1.748,-148.082,-58.288,-4.54642,100
3.304,1.921,-148.313,-53.232,-9.12599,100
3.353,1.963,-148.428,-41.5573,-18.2589,100
3.594,2.035,-148.705,-30.6853,-16.9009,100
3.779,1.984,-148.984,-35.8987,-24.7571,100
3.837,1.9,-149.115,-44.8293,-26.3467,100
3.876,1.712,-149.408,-46.408,-31.8315,100
3.957,1.488,-149.669,-44.256,-32.4877,100
4.041,1.379,-149.773,-44.728,-23.9937,100
4.161,1.246,-149.953,-43.288,-24.5701,100
4.02,1.293,-150.019,-59.56,-12.988,100
3.983,1.353,-149.977,-52.3307,-12.6452,100
3.945,1.488,-150.024,-52.0933,-8.77338,100
3.954,1.609,-149.974,-49.032,-10.7268,100
3.912,1.707,-149.954,-52.096,-13.0995,100
3.837,1.867,-149.845,-53.696,-10.3066,100
3.779,2.028,-149.853,-52.0987,-11.5937,100
3.745,2.111,-149.824,-50.2267,-17.5261,100
3.683,2.253,-149.853,-51.5973,-14.8017,100
3.639,2.376,-149.883,-50.0453,-17.1294,100
3.601,2.427,-149.905,-49.3413,-22.416,100
3.528,2.52,-149.943,-51.0907,-20.4417,100
3.446,2.627,-149.997,-51.0347,-20.4495,100
3.4,2.675,-150.02,-48.2667,-24.8535,100
3.285,2.81,-150.062,-51.9467,-20.2245,100
3.183,2.941,-150.091,-50.264,-21.6345,100
3.129,2.925,-150.119,-46.632,-31.4012,100
2.993,2.752,-150.261,-51.0107,-40.5731,100
2.792,2.569,-150.399,-53.736,-39.859,100
2.694,2.496,-150.495,-46.0853,-32.0225,100
2.52,2.391,-150.661,-49.76,-33.3933,100
2.275,2.263,-150.845,-52.5333,-33.976,100
2.143,2.175,-150.917,-43.944,-30.6758,100
1.89,2.041,-151.093,-49.9867,-32.7365,100
1.691,1.943,-151.275,-44.7947,-29.6155,100
1.62,1.884,-151.361,-35.6933,-26.6045,100
1.455,1.757,-151.521,-40.64,-30.1788,100
1.324,1.55,-151.578,-37.3253,-33.9064,100
1.298,1.415,-151.55,-30.1173,-28.0722,100
1.294,1.153,-151.467,-28.6187,-34.4802,100
1.351,0.975,-151.427,-25.008,-27.4878,100
1.373,0.97,-151.42,-27.5173,-15.9459,100
1.344,1.065,-151.398,-30.6853,-10.0738,100
1.251,1.126,-151.403,-34.208,-12.8649,100
1.206,1.153,-151.459,-30.648,-15.3849,100
1.182,1.179,-151.529,-29.056,-15.6978,100
1.229,1.185,-151.69,-24.6987,-17.1175,100
1.245,1.167,-151.782,-26.8933,-18.6113,100
1.308,1.079,-151.996,-24.264,-22.609,100
1.388,0.993,-152.245,-23.7707,-21.8198,100
1.429,0.986,-152.368,-26.6987,-16.5291,100
1.474,1.022,-152.624,-26.792,-13.9835,100
1.454,1.012,-152.872,-30.9653,-17.003,100
1.454,0.998,-152.996,-29.632,-17.19,100
1.44,1.006,-153.215,-30.4533,-15.8199,100
1.456,1.009,-153.446,-28.5813,-16.2099,100
1.457,1.016,-153.551,-29.5893,-16.0322,100
1.471,1.013,-153.739,-28.8347,-16.7077,100
1.482,1.008,-153.867,-29.1227,-16.8337,100
1.482,1.003,-153.935,-29.856,-16.8262,100
1.481,1.007,-153.949,-29.9147,-16.2908,100
1.45,1.007,-153.896,-31.6667,-16.5901,100
1.444,1.009,-153.868,-29.952,-16.5054,100
1.45,1.007,-153.859,-29.2,-16.7887,100
1.468,1.011,-153.841,-28.544,-16.4535,100
1.473,1.013,-153.838,-29.4507,-16.6356,100
1.466,1.01,-153.855,-30.1947,-16.9777,100
1.476,1.004,-153.871,-29.1413,-17.1622,100
1.476,1.01,-153.863,-29.808,-16.443,100
1.484,1.009,-153.88,-29.3387,-16.9343,100
1.477,1.01,-153.901,-30.2827,-16.8417,100
1.481,1.011,-153.917,-29.5813,-16.8825,100
1.487,1.016,-153.929,-29.496,-16.6887,100
1.484,1.014,-153.938,-30.072,-17.1722,100
1.486,1.014,-153.955,-29.7547,-17.0718,100
1.482,1.014,-153.988,-30.1227,-17.1046,100
1.486,1.015,-153.999,-29.6213,-17.0788,100
1.497,1.013,-154.024,-29.2427,-17.2956,100
1.496,1.016,-154.053,-30.0347,-17.0192,100
1.494,1.011,-154.075,-30.0853,-17.5453,100
1.486,1.011,-154.093,-30.4213,-17.2447,100
1.489,1.008,-154.091,-29.712,-17.4534,100
1.484,1.007,-154.109,-30.2053,-17.3447,100
1.487,1.006,-154.125,-29.696,-17.3693,100
1.492,1.01,-154.131,-29.6027,-17.1007,100
1.484,1.005,-154.147,-30.4053,-17.6932,100
1.498,1.005,-154.148,-29.0507,-17.3925,100
1.491,0.999,-154.174,-30.3947,-17.7768,100
1.494,1,-154.192,-29.752,-17.3506,100
1.489,1.006,-154.202,-30.2453,-17.0978,100
1.492,1.004,-154.215,-29.736,-17.6477,100
1.496,1.006,-154.242,-29.7013,-17.4296,100
1.499,1.001,-154.28,-29.792,-17.8887,100
1.489,0.999,-154.316,-30.5787,-17.7051,100
1.495,0.996,-154.345,-29.56,-17.78,100
1.491,0.995,-154.363,-30.1947,-17.6709,100
1.496,0.994,-154.381,-29.6347,-17.6951,100
1.486,0.992,-154.395,-30.5547,-17.7779,100
1.49,0.99,-154.404,-29.6533,-17.794,100
1.489,0.99,-154.398,-29.9787,-17.6928,100
1.492,0.992,-154.421,-29.736,-17.6076,100
1.497,0.986,-154.446,-29.6427,-18.1249,100
1.498,0.997,-154.446,-29.9173,-17.1118,100
1.501,0.994,-154.474,-29.808,-18.0534,100
1.493,0.994,-154.506,-30.4773,-17.8856,100
1.505,0.991,-154.52,-29.24,-18.0937,100
1.504,0.992,-154.541,-30.0987,-17.8671,100
1.499,0.989,-154.561,-30.3253,-18.1419,100
1.504,0.992,-154.573,-29.6987,-17.798,100
1.494,0.989,-154.605,-30.6187,-18.206,100
1.501,0.988,-154.626,-29.5413,-18.0967,100
1.508,0.984,-154.647,-29.5973,-18.2966,100
1.504,0.988,-154.662,-30.2987,-17.8273,100
1.504,0.983,-154.677,-30.032,-18.4191,100
1.495,0.985,-154.684,-30.56,-18.0004,100
1.502,0.987,-154.677,-29.5493,-18.0484,100
1.495,0.983,-154.686,-30.4267,-18.4482,100
1.495,0.982,-154.705,-29.96,-18.272,100
1.489,0.985,-154.696,-30.312,-18.0613,100
1.493,0.983,-154.71,-29.6773,-18.4105,100
1.498,0.988,-154.73,-29.6507,-18.0158,100
1.503,0.988,-154.734,-29.6907,-18.3811,100
1.504,0.985,-154.744,-29.9653,-18.5891,100
1.496,0.986,-154.745,-30.5013,-18.3623,100
1.499,0.98,-154.767,-29.792,-18.8128,100
1.496,0.985,-154.778,-30.168,-18.1513,100
1.504,0.982,-154.798,-29.4987,-18.6925,100
1.494,0.979,-154.816,-30.6187,-18.7002,100
1.498,0.973,-154.84,-29.7173,-18.8837,100
1.497,0.971,-154.853,-30.0427,-18.6325,100
1.497,0.973,-154.856,-29.976,-18.4134,100
1.494,0.962,-154.874,-30.152,-19.2232,100
1.49,0.966,-154.902,-30.1867,-18.2865,100
1.499,0.966,-154.904,-29.392,-18.5845,100
1.495,0.974,-154.934,-30.2267,-18.1467,100
1.502,0.974,-154.969,-29.5493,-18.7116,100
1.501,0.975,-154.972,-30.0747,-18.6845,100
1.508,0.974,-155.007,-29.5973,-18.8414,100
1.504,0.974,-155.037,-30.2987,-18.8063,100
1.506,0.975,-155.06,-29.9147,-18.7792,100
1.504,0.97,-155.071,-30.1653,-19.1707,100
1.5,0.973,-155.081,-30.2667,-18.6928,100
1.504,0.967,-155.1,-29.7653,-19.2762,100
1.502,0.97,-155.113,-30.1493,-18.7316,100
1.512,0.966,-155.131,-29.4293,-19.1976,100
1.499,0.964,-155.151,-30.8587,-19.0795,100
1.509,0.96,-155.186,-29.4053,-19.2119,100
1.505,0.96,-155.212,-30.3067,-18.9763,100
1.512,0.967,-155.228,-29.6293,-18.597,100
1.509,0.965,-155.261,-30.272,-19.2123,100
1.505,0.964,-155.29,-30.3067,-19.1688,100
1.511,0.96,-155.288,-29.688,-19.3679,100
1.509,0.966,-155.314,-30.2053,-18.7806,100
1.517,0.961,-155.334,-29.6027,-19.505,100
1.511,0.966,-155.342,-30.488,-18.9097,100
1.52,0.962,-155.355,-29.56,-19.5088,100
1.511,0.963,-155.38,-30.688,-19.2147,100
1.52,0.961,-155.393,-29.56,-19.4299,100
1.514,0.96,-155.412,-30.512,-19.3863,100
1.513,0.962,-155.435,-30.1707,-19.2335,100
1.509,0.953,-155.461,-30.3387,-19.9257,100
1.508,0.956,-155.484,-30.1307,-19.1806,100
1.522,0.952,-155.507,-29.2427,-19.6462,100
1.512,0.959,-155.527,-30.7627,-18.9999,100
1.523,0.954,-155.555,-29.4507,-19.7908,100
1.516,0.96,-155.571,-30.5947,-19.1366,100
1.523,0.96,-155.57,-29.7173,-19.5677,100
1.519,0.959,-155.593,-30.4187,-19.6574,100
1.523,0.964,-155.613,-29.9173,-19.3286,100
1.526,0.966,-155.612,-30.008,-19.5759,100
1.52,0.966,-155.647,-30.56,-19.7406,100
1.527,0.961,-155.681,-29.7493,-20.065,100
1.53,0.968,-155.682,-30.04,-19.3524,100
1.537,0.965,-155.718,-29.8293,-20.0263,100
1.533,0.966,-155.751,-30.5307,-19.799,100
1.543,0.964,-155.773,-29.6773,-20.0142,100
1.547,0.967,-155.787,-30.1093,-19.7362,100
1.53,0.963,-155.798,-31.3733,-20.2021,100
1.517,0.956,-155.813,-31.0027,-20.377,100
1.527,0.959,-155.822,-29.5493,-19.7655,100
1.544,0.961,-155.835,-29.2187,-19.8793,100
1.533,0.962,-155.856,-30.9973,-19.9851,100
1.531,0.949,-155.88,-30.3813,-20.8452,100
1.526,0.958,-155.904,-30.5413,-19.4815,100
1.533,0.964,-155.919,-29.7973,-19.7608,100
1.527,0.962,-155.957,-30.616,-20.3093,100
1.525,0.96,-155.983,-30.3333,-20.3244,100
1.529,0.962,-155.986,-29.9653,-20.1049,100
1.526,0.962,-156.008,-30.408,-20.2694,100
1.538,0.959,-156.002,-29.504,-20.4765,100
1.535,0.962,-156.022,-30.48,-20.1316,100
1.533,0.967,-156.024,-30.3973,-20.0696,100
1.529,0.968,-156.036,-30.4987,-20.3757,100
1.53,0.968,-156.043,-30.1733,-20.4737,100
1.536,0.971,-156.063,-29.888,-20.3291,100
1.541,0.97,-156.096,-29.9947,-20.6192,100
1.537,0.97,-156.115,-30.5627,-20.584,100
1.543,0.966,-156.143,-29.944,-20.85,100
1.54,0.97,-156.173,-30.52,-20.3801,100
1.542,0.962,-156.205,-30.2027,-21.1472,100
1.533,0.963,-156.227,-30.864,-20.5864,100
1.537,0.966,-156.25,-30.0293,-20.5084,100
1.531,0.964,-156.26,-30.648,-20.857,100
1.536,0.962,-156.278,-29.9547,-20.8721,100
1.54,0.961,-156.292,-30.0533,-20.8286,100
1.535,0.968,-156.294,-30.6133,-20.3826,100
1.537,0.963,-156.324,-30.1627,-21.1738,100
1.533,0.966,-156.351,-30.5307,-20.6958,100
1.546,0.968,-156.352,-29.5013,-20.8098,100
1.535,0.971,-156.383,-31.0133,-20.7986,100
1.536,0.971,-156.415,-30.2213,-21.0301,100
1.535,0.968,-156.416,-30.3467,-21.2374,100
1.539,0.966,-156.433,-30.0453,-21.1861,100
1.539,0.963,-156.45,-30.312,-21.2599,100
1.536,0.968,-156.465,-30.488,-20.798,100
1.539,0.961,-156.465,-30.112,-21.5731,100
1.532,0.96,-156.478,-30.7227,-21.1962,100
1.542,0.961,-156.492,-29.6693,-21.102,100
1.542,0.956,-156.503,-30.336,-21.493,100
1.534,0.955,-156.526,-30.8053,-21.2493,100
