PID Gains,0.1,0,0
BaseSpeed,1200
Pitch,Roll,Yaw,Pid_output_X,pid_output_Y,pid_output_Z
1.482,0.993,-153.833,86.896,58.2238,100
1.481,0.994,-153.833,-12.0107,-7.94971,100
1.481,0.995,-153.834,-11.992,-7.98995,100
1.482,0.994,-153.835,-11.9813,-8.14749,100
1.483,0.996,-153.833,-12.0374,-7.99576,100
1.483,0.996,-153.834,-12.1521,-8.16136,100
1.483,0.996,-153.834,-12.2002,-8.19363,100
1.483,0.996,-153.833,-12.2482,-8.2259,100
1.481,0.996,-153.829,-12.4135,-8.25817,100
1.481,0.996,-153.827,-12.3282,-8.29044,100
1.482,0.996,-153.836,-12.3175,-8.32272,100
1.482,0.995,-153.83,-12.4322,-8.41362,100
1.48,0.996,-153.835,-12.5975,-8.32056,100
1.484,0.999,-153.84,-12.2776,-8.24359,100
1.481,0.998,-153.836,-12.7682,-8.53459,100
1.482,0.997,-153.843,-12.5576,-8.5589,100
1.482,0.998,-153.846,-12.6723,-8.4659,100
1.481,0.995,-153.835,-12.7789,-8.7408,100
1.48,0.998,-153.838,-12.8189,-8.39714,100
1.481,0.995,-153.845,-12.7415,-8.80538,100
1.484,0.993,-153.855,-12.6803,-8.75488,100
1.479,0.99,-153.867,-13.2215,-8.82962,100
1.484,0.994,-153.875,-12.6429,-8.42716,100
1.485,0.994,-153.891,-12.9657,-8.72604,100
1.484,0.992,-153.915,-13.1391,-8.87551,100
1.475,0.994,-153.956,-13.6482,-8.65705,100
1.477,0.993,-153.972,-12.9788,-8.88122,100
1.481,0.987,-153.993,-12.9254,-9.19853,100
1.477,0.986,-154.006,-13.4746,-8.88915,100
1.474,0.987,-154.012,-13.4317,-8.79579,100
1.487,0.982,-154.049,-12.5172,-9.18761,100
1.487,0.983,-154.073,-13.4321,-8.82746,100
1.483,0.986,-154.081,-13.7148,-8.75007,100
1.475,0.989,-154.103,-13.9652,-8.80612,100
1.489,0.983,-154.123,-12.6588,-9.38996,100
1.491,0.982,-154.15,-13.5231,-9.08045,100
1.486,0.991,-154.143,-13.9979,-8.51789,100
1.491,0.985,-154.157,-13.4196,-9.5018,100
1.474,0.98,-154.184,-14.798,-9.42689,100
1.476,0.981,-154.231,-13.5951,-9.06667,100
1.488,0.981,-154.231,-13.0727,-9.16512,100
1.481,0.976,-154.253,-14.3313,-9.49008,100
1.488,0.979,-154.255,-13.5022,-9.01247,100
1.478,0.983,-154.281,-14.6034,-9.00965,100
1.485,0.978,-154.283,-13.5742,-9.60134,100
1.49,0.987,-154.311,-13.7958,-8.77198,100
1.48,0.981,-154.352,-14.7638,-9.75577,100
1.492,0.983,-154.337,-13.4415,-9.27028,100
1.482,0.984,-154.369,-14.8761,-9.37683,100
1.49,0.977,-154.405,-13.7884,-9.88582,100
1.487,0.984,-154.383,-14.5459,-9.04037,100
1.487,0.977,-154.408,-14.3941,-9.94936,100
1.483,0.98,-154.419,-14.6768,-9.33844,100
1.482,0.979,-154.41,-14.5168,-9.62883,100
1.488,0.983,-154.433,-14.1464,-9.35934,100
1.488,0.975,-154.45,-14.5946,-10.1269,100
1.491,0.985,-154.452,-14.4669,-9.03885,100
1.482,0.981,-154.483,-15.2429,-9.97196,100
1.492,0.979,-154.512,-14.1046,-9.85435,100
1.49,0.987,-154.512,-14.9369,-9.28366,100
1.491,0.984,-154.55,-14.7932,-10.0249,100
1.483,0.984,-154.58,-15.3772,-9.85676,100
1.49,0.984,-154.574,-14.4815,-9.88864,100
1.494,0.986,-154.6,-14.7619,-9.80325,100
1.492,0.984,-154.622,-15.1942,-10.0858,100
1.5,0.983,-154.622,-14.6402,-10.043,100
1.487,0.982,-154.629,-15.9844,-10.0668,100
1.497,0.988,-154.635,-14.5795,-9.68015,100
1.491,0.989,-154.647,-15.6465,-10.0535,100
1.501,0.984,-154.648,-14.7085,-10.4454,100
1.491,0.989,-154.653,-16.0101,-9.85078,100
1.487,0.984,-154.674,-15.6263,-10.5093,100
1.492,0.984,-154.681,-15.1146,-10.2079,100
1.498,0.98,-154.698,-15.1445,-10.4743,100
1.494,0.981,-154.717,-15.8276,-10.1807,100
1.491,0.978,-154.745,-15.7852,-10.4551,100
1.492,0.986,-154.766,-15.5749,-9.81771,100
1.486,0.989,-154.776,-16.0417,-10.2071,100
1.497,0.987,-154.807,-15.0449,-10.5564,100
1.491,0.984,-154.836,-16.1785,-10.631,100
1.501,0.985,-154.831,-15.2405,-10.4042,100
1.492,0.987,-154.856,-16.4835,-10.3855,100
1.5,0.984,-154.88,-15.4628,-10.7267,100
1.495,0.981,-154.899,-16.3379,-10.7345,100
1.497,0.978,-154.899,-15.9357,-10.7422,100
1.495,0.987,-154.91,-16.2348,-10.0462,100
1.497,0.983,-154.928,-16.0326,-10.9127,100
1.5,0.983,-154.942,-16.0386,-10.6779,100
1.496,0.985,-154.944,-16.5217,-10.5925,100
1.493,0.986,-154.949,-16.4794,-10.6991,100
1.491,0.986,-154.96,-16.4451,-10.7977,100
1.501,0.977,-154.975,-15.7737,-11.3573,100
1.504,0.984,-154.971,-16.3131,-10.3786,100
1.498,0.983,-154.98,-16.9136,-10.9357,100
1.493,0.984,-155.001,-16.8553,-10.8423,100
1.498,0.983,-155.014,-16.2772,-10.9995,100
1.506,0.987,-155.025,-16.19,-10.7301,100
1.496,0.986,-155.05,-17.3585,-11.0874,100
1.5,0.98,-155.071,-16.5057,-11.4045,100
1.497,0.984,-155.092,-16.9969,-10.8017,100
1.509,0.985,-155.12,-16.1418,-11.0416,100
1.506,0.986,-155.141,-17.1666,-11.0816,100
1.499,0.977,-155.17,-17.4258,-11.7079,100
1.494,0.983,-155.188,-17.3009,-10.7877,100
1.505,0.987,-155.197,-16.371,-10.985,100
1.494,0.984,-155.224,-17.7981,-11.4596,100
1.504,0.983,-155.219,-16.5268,-11.3501,100
1.498,0.982,-155.252,-17.594,-11.3739,100
1.497,0.981,-155.268,-17.3012,-11.3977,100
1.505,0.984,-155.276,-16.8139,-11.1869,100
1.503,0.983,-155.282,-17.5133,-11.4774,100
1.506,0.984,-155.292,-17.2527,-11.384,100
1.497,0.986,-155.308,-18.0292,-11.3653,100
1.504,0.986,-155.301,-17.0673,-11.5305,100
1.496,0.982,-155.323,-18.0518,-11.797,100
1.505,0.985,-155.329,-17.0392,-11.3863,100
1.499,0.983,-155.331,-18.0398,-11.7355,100
1.503,0.983,-155.34,-17.4538,-11.634,100
1.498,0.984,-155.351,-18.0623,-11.6072,100
1.507,0.978,-155.375,-17.2498,-12.0575,100
1.503,0.985,-155.366,-18.1332,-11.2788,100
1.5,0.981,-155.39,-18.0911,-12.0119,100
1.494,0.983,-155.414,-18.2915,-11.6597,100
1.498,0.985,-155.416,-17.7054,-11.7077,100
1.509,0.986,-155.445,-17.3756,-11.8143,100
1.503,0.985,-155.475,-18.5097,-11.9715,100
1.508,0.981,-155.495,-17.8652,-12.1713,100
1.501,0.984,-155.521,-18.6578,-11.7605,100
1.513,0.985,-155.543,-17.5362,-11.9338,100
1.5,0.987,-155.571,-19.1474,-11.9151,100
1.505,0.977,-155.594,-18.0362,-12.6667,100
1.497,0.984,-155.609,-18.8874,-11.6213,100
1.505,0.989,-155.609,-17.9335,-11.8267,100
1.498,0.982,-155.633,-18.926,-12.6025,100
1.508,0.983,-155.627,-17.9215,-12.109,100
1.504,0.979,-155.651,-18.8716,-12.442,100
1.503,0.984,-155.653,-18.7123,-11.9139,100
1.507,0.985,-155.663,-18.4598,-12.2205,100
1.504,0.989,-155.657,-18.9512,-12.0846,100
1.503,0.989,-155.669,-18.8585,-12.3833,100
1.504,0.983,-155.678,-18.7819,-12.7671,100
1.498,0.986,-155.668,-19.2491,-12.2231,100
1.501,0.981,-155.686,-18.7218,-12.7482,100
1.501,0.989,-155.687,-18.9704,-11.9776,100
1.509,0.984,-155.692,-18.55,-12.8361,100
1.501,0.986,-155.71,-19.6013,-12.4174,100
1.503,0.98,-155.722,-18.9993,-12.9345,100
1.507,0.98,-155.75,-18.9468,-12.5662,100
1.496,0.983,-155.771,-19.9073,-12.4221,100
1.503,0.99,-155.78,-18.812,-12.2435,100
1.501,0.98,-155.807,-19.4446,-13.3286,100
1.513,0.986,-155.808,-18.6563,-12.3418,100
1.505,0.986,-155.837,-19.9744,-12.7738,100
1.507,0.983,-155.854,-19.3725,-12.9816,100
1.501,0.99,-155.863,-19.9065,-12.403,100
1.499,0.986,-155.868,-19.6724,-13.1363,100
1.513,0.99,-155.886,-18.7667,-12.6671,100
1.507,0.985,-155.9,-20.1009,-13.259,100
1.506,0.982,-155.923,-19.8084,-13.1335,100
1.499,0.985,-155.932,-20.2009,-12.7894,100
1.509,0.989,-155.945,-19.1965,-12.7868,100
1.502,0.989,-155.948,-20.3225,-13.0855,100
1.508,0.983,-155.962,-19.5527,-13.4693,100
1.503,0.984,-155.962,-20.2947,-13.0425,100
1.512,0.984,-155.954,-19.4824,-13.1411,100
1.5,0.986,-155.964,-20.835,-13.0557,100
1.507,0.986,-155.979,-19.6731,-13.221,100
1.504,0.991,-155.975,-20.3645,-12.9598,100
1.51,0.986,-155.992,-19.8615,-13.6184,100
1.5,0.989,-156.012,-20.8967,-13.1411,100
1.511,0.983,-156.025,-19.6337,-13.7249,100
1.506,0.988,-156.043,-20.7091,-13.0636,100
1.514,0.984,-156.066,-19.9555,-13.6635,100
1.498,0.985,-156.092,-21.4761,-13.3701,100
1.509,0.977,-156.118,-19.813,-13.9377,100
1.503,0.98,-156.135,-20.947,-13.2601,100
1.508,0.983,-156.153,-20.3025,-13.316,100
1.5,0.987,-156.173,-21.1538,-13.3133,100
1.51,0.982,-156.193,-20.0827,-13.9051,100
1.505,0.987,-156.185,-21.0915,-13.3104,100
1.511,0.984,-156.199,-20.4551,-13.8516,100
1.501,0.987,-156.213,-21.4904,-13.5076,100
1.512,0.984,-156.217,-20.2274,-13.9155,100
1.505,0.99,-156.22,-21.4201,-13.3956,100
1.51,0.983,-156.234,-20.7091,-14.2381,100
1.504,0.984,-156.242,-21.4431,-13.7446,100
1.516,0.982,-156.256,-20.3882,-13.9605,100
1.506,0.989,-156.271,-21.8237,-13.4485,100
1.505,0.975,-156.297,-21.2645,-14.7681,100
1.498,0.984,-156.323,-21.657,-13.3386,100
1.511,0.98,-156.351,-20.4766,-14.2051,100
1.503,0.985,-156.37,-21.8613,-13.677,100
1.506,0.979,-156.406,-21.2008,-14.394,100
1.499,0.982,-156.441,-21.86,-13.8498,100
1.506,0.984,-156.446,-21.0315,-13.9644,100
1.505,0.983,-156.466,-21.6056,-14.1882,100
1.51,0.98,-156.492,-21.2945,-14.3293,100
1.509,0.98,-156.509,-21.7354,-14.1611,100
1.509,0.984,-156.506,-21.7176,-13.9583,100
1.504,0.981,-156.52,-22.0597,-14.4327,100
1.504,0.982,-156.518,-21.7751,-14.2059,100
1.501,0.98,-156.534,-21.9997,-14.4216,100
1.506,0.978,-156.53,-21.5552,-14.4373,100
1.509,0.972,-156.55,-21.7614,-14.6875,100
1.503,0.976,-156.553,-22.3621,-14.0844,100
1.509,0.978,-156.561,-21.659,-14.2655,100
1.498,0.977,-156.571,-22.7528,-14.4891,100
1.506,0.975,-156.59,-21.599,-14.5714,100
1.502,0.972,-156.612,-22.4156,-14.6455,100
1.511,0.98,-156.614,-21.6699,-14.008,100
1.501,0.98,-156.637,-22.9052,-14.573,100
1.503,0.978,-156.668,-22.1699,-14.7221,100
1.506,0.982,-156.666,-22.1761,-14.3859,100
1.514,0.978,-156.691,-21.9558,-14.9189,100
1.504,0.98,-156.714,-23.1245,-14.5667,100
1.508,0.974,-156.739,-22.272,-15.0835,100
1.5,0.977,-156.748,-23.0566,-14.5392,100
1.507,0.976,-156.766,-22.1615,-14.8295,100
1.499,0.978,-156.782,-23.146,-14.6772,100
1.51,0.975,-156.794,-22.0163,-15.0181,100
1.505,0.976,-156.802,-23.0917,-14.7911,100
1.511,0.976,-156.798,-22.4553,-14.8893,100
1.503,0.977,-156.814,-23.3734,-14.8623,100
1.505,0.979,-156.825,-22.7715,-14.8434,100
1.501,0.983,-156.821,-23.1881,-14.7739,100
1.506,0.978,-156.842,-22.6769,-15.3656,100
1.503,0.976,-156.869,-23.2349,-15.1812,100
1.516,0.975,-156.871,-22.3214,-15.1381,100
1.507,0.979,-156.892,-23.7649,-14.8685,100
1.508,0.982,-156.922,-23.1551,-14.991,100
1.499,0.977,-156.939,-23.7983,-15.516,100
1.509,0.98,-156.96,-22.6605,-15.0384,100
1.512,0.977,-156.973,-23.2002,-15.4461,100
1.511,0.979,-156.993,-23.5078,-15.1605,100
1.501,0.975,-157.011,-24.0764,-15.56,100
1.501,0.983,-157.017,-23.4584,-14.8559,100
1.501,0.98,-157.015,-23.507,-15.597,100
1.504,0.98,-157.03,-23.3797,-15.4287,100
1.509,0.973,-157.039,-23.3353,-15.8709,100
1.509,0.98,-157.036,-23.7175,-15.0253,100
1.505,0.977,-157.048,-24.001,-15.6997,100
1.5,0.977,-157.074,-24.0762,-15.5313,100
1.507,0.978,-157.073,-23.3811,-15.5043,100
1.508,0.983,-157.099,-23.8379,-15.3095,100
1.511,0.979,-157.133,-23.7775,-15.9092,100
1.505,0.98,-157.149,-24.3783,-15.6157,100
1.509,0.974,-157.174,-23.7925,-16.0659,100
1.502,0.982,-157.192,-24.5185,-15.2284,100
1.501,0.974,-157.22,-24.1592,-16.2626,100
1.497,0.978,-157.237,-24.3757,-15.5263,100
1.506,0.974,-157.247,-23.6298,-16.0592,100
1.498,0.977,-157.253,-24.7477,-15.6482,100
1.503,0.971,-157.264,-23.9697,-16.2316,100
1.5,0.975,-157.274,-24.5276,-15.6285,100
1.504,0.974,-157.268,-24.1417,-15.9854,100
1.494,0.978,-157.285,-25.0434,-15.7158,100
1.502,0.971,-157.308,-23.9561,-16.4246,100
1.506,0.974,-157.323,-24.3035,-15.8135,100
1.497,0.979,-157.334,-25.1467,-15.7519,100
1.504,0.978,-157.336,-24.1848,-16.1755,100
1.508,0.979,-157.357,-24.4656,-16.0819,100
1.509,0.974,-157.381,-24.7225,-16.4735,100
1.505,0.971,-157.404,-25.0726,-16.3476,100
1.506,0.971,-157.423,-24.7961,-16.1791,100
1.502,0.98,-157.434,-25.1461,-15.6828,100
1.502,0.975,-157.46,-24.9281,-16.6077,100
1.502,0.98,-157.468,-24.9767,-16.0128,100
1.508,0.978,-157.475,-24.6736,-16.4952,100
1.501,0.983,-157.475,-25.5329,-16.1004,100
1.507,0.974,-157.489,-24.7631,-16.9933,100
1.5,0.979,-157.506,-25.6223,-16.1316,100
1.508,0.98,-157.504,-24.7352,-16.4381,100
1.499,0.98,-157.53,-25.8451,-16.5365,100
1.505,0.974,-157.558,-24.9419,-16.92,100
1.507,0.982,-157.558,-25.2733,-16.0825,100
1.514,0.975,-157.585,-25.0451,-17.0581,100
1.504,0.981,-157.616,-26.1471,-16.2712,100
1.511,0.974,-157.636,-25.1188,-17.1135,100
1.504,0.977,-157.653,-26.0448,-16.5024,100
1.51,0.981,-157.67,-25.2751,-16.4996,100
1.508,0.98,-157.692,-25.8413,-16.8566,100
1.504,0.98,-157.688,-25.9913,-16.8217,100
1.506,0.976,-157.705,-25.6561,-17.088,100
1.506,0.979,-157.704,-25.8382,-16.6771,100
1.501,0.979,-157.707,-26.1802,-16.9088,100
1.51,0.974,-157.715,-25.3678,-17.2337,100
1.501,0.981,-157.709,-26.5444,-16.5215,100
1.502,0.98,-157.728,-25.9344,-17.0786,100
1.503,0.982,-157.722,-25.9911,-16.9264,100
1.5,0.976,-157.745,-26.2824,-17.4433,100
1.511,0.98,-157.741,-25.486,-16.8404,100
1.5,0.983,-157.762,-26.9133,-16.9629,100
1.504,0.984,-157.786,-25.994,-17.1361,100
1.506,0.984,-157.787,-26.1921,-17.2347,100
1.51,0.98,-157.804,-26.1397,-17.5011,100
1.499,0.983,-157.827,-27.1003,-17.0903,100
1.51,0.978,-157.842,-25.7706,-17.6153,100
1.504,0.977,-157.863,-26.9046,-17.3723,100
1.499,0.982,-157.857,-26.8465,-17.0441,100
1.498,0.978,-157.868,-26.6204,-17.6438,100
1.501,0.98,-157.873,-26.4264,-17.2916,100
1.508,0.978,-157.879,-26.2646,-17.5739,100
1.497,0.981,-157.882,-27.4251,-17.2964,100
1.503,0.972,-157.905,-26.3884,-18.0559,100
1.494,0.982,-157.921,-27.3648,-16.901,100
1.503,0.983,-157.924,-26.2855,-17.5409,100
1.496,0.984,-157.951,-27.3447,-17.5807,100
1.503,0.982,-157.974,-26.516,-17.7966,100
1.501,0.987,-157.97,-27.1487,-17.4019,100
1.507,0.98,-157.988,-26.7122,-18.1776,100
1.502,0.982,-158.007,-27.4541,-17.6254,100
1.509,0.978,-158.019,-26.759,-18.0251,100
1.501,0.98,-158.02,-27.7437,-17.6729,100
1.502,0.982,-158.026,-27.2003,-17.7207,100
1.496,0.979,-158.039,-27.6675,-18.0617,100
1.505,0.979,-158.046,-26.7882,-17.8935,100
1.505,0.978,-158.058,-27.437,-17.9838,100
1.498,0.978,-158.073,-27.8962,-17.9488,100
1.499,0.973,-158.1,-27.4194,-18.2737,100
1.495,0.982,-158.117,-27.7692,-17.4442,100
1.5,0.984,-158.13,-27.2578,-17.9587,100
1.494,0.983,-158.161,-27.9915,-18.1826,100
1.501,0.977,-158.185,-27.2295,-18.4996,100
1.506,0.974,-158.191,-27.4516,-18.3071,100
1.507,0.984,-158.202,-27.7751,-17.5523,100
1.497,0.984,-158.22,-28.477,-18.2509,100
1.495,0.98,-158.234,-27.9761,-18.5173,100
1.494,0.985,-158.226,-27.9498,-17.9892,100
1.501,0.982,-158.24,-27.5211,-18.5304,100
1.503,0.982,-158.259,-27.9191,-18.3622,100
1.509,0.98,-158.26,-27.7494,-18.5113,100
1.502,0.982,-158.275,-28.6087,-18.2924,100
1.496,0.979,-158.302,-28.5425,-18.6335,100
1.499,0.975,-158.318,-28.0151,-18.6997,100
1.5,0.985,-158.338,-28.205,-17.8783,100
1.5,0.982,-158.359,-28.3203,-18.7528,100
1.501,0.975,-158.375,-28.3102,-18.9951,100
1.507,0.979,-158.389,-28.0737,-18.3254,100
1.505,0.978,-158.401,-28.6398,-18.6825,100
1.498,0.984,-158.401,-28.9657,-18.2957,100
1.499,0.979,-158.418,-28.4889,-19.0207,100
1.496,0.982,-158.41,-28.7801,-18.5432,100
1.499,0.985,-158.422,-28.4526,-18.5991,100
1.501,0.974,-158.439,-28.5839,-19.476,100
1.505,0.984,-158.436,-28.5314,-18.1879,100
1.504,0.983,-158.458,-28.9054,-18.9451,100
1.494,0.983,-158.491,-29.4738,-18.9103,100
1.505,0.978,-158.494,-28.2106,-19.2353,100
1.5,0.986,-158.518,-29.2859,-18.4646,100
1.508,0.98,-158.545,-28.532,-19.3816,100
1.496,0.98,-158.566,-29.8179,-19.0134,100
1.506,0.976,-158.576,-28.48,-19.2797,100
1.499,0.978,-158.578,-29.6059,-18.9274,100
1.495,0.978,-158.589,-29.4223,-19.0924,100
1.507,0.977,-158.589,-28.5005,-19.1827,100
1.493,0.979,-158.6,-30.1702,-19.0304,100
1.501,0.971,-158.607,-28.8162,-19.6646,100
1.495,0.973,-158.61,-29.7499,-19.0454,100
1.495,0.973,-158.625,-29.3984,-19.2103,100
1.491,0.973,-158.646,-29.6813,-19.2418,100
1.495,0.975,-158.665,-29.2284,-19.1561,100
1.493,0.98,-158.664,-29.6608,-19.0278,100
1.498,0.977,-158.694,-29.2827,-19.5688,100
1.498,0.971,-158.719,-29.6646,-19.7523,100
1.498,0.976,-158.707,-29.7131,-19.0906,100
1.498,0.973,-158.716,-29.7616,-19.6314,100
1.488,0.973,-158.724,-30.3965,-19.4629,100
1.501,0.971,-158.732,-29.0158,-19.6117,100
1.49,0.981,-158.734,-30.5761,-18.9235,100
1.496,0.976,-158.752,-29.5392,-19.9151,100
1.494,0.97,-158.781,-30.0853,-19.9652,100
1.502,0.978,-158.782,-29.4827,-19.1276,100
1.501,0.976,-158.805,-30.0747,-19.8099,100
1.496,0.974,-158.83,-30.3013,-19.8254,100
1.494,0.973,-158.851,-30.0853,-19.7823,100
1.492,0.977,-158.863,-30.0693,-19.5126,100
1.493,0.971,-158.87,-29.8773,-20.1627,100
1.489,0.97,-158.879,-30.1787,-19.8528,100
1.501,0.968,-158.889,-29.208,-19.9349,100
1.505,0.975,-158.884,-29.7733,-19.4225,100
1.497,0.969,-158.907,-30.5093,-20.2725,100
1.489,0.969,-158.923,-30.4453,-19.9039,100
1.497,0.975,-158.925,-29.4427,-19.5835,100
1.498,0.969,-158.949,-29.9173,-20.3669,100
1.501,0.978,-158.948,-29.808,-19.4706,100
1.501,0.971,-158.976,-30.008,-20.5127,100
1.491,0.973,-159.008,-30.5947,-19.9602,100
1.502,0.965,-159.019,-29.2827,-20.5942,100
1.494,0.969,-159.03,-30.4853,-19.8576,100
1.496,0.97,-159.04,-29.8347,-20.097,100
1.492,0.969,-159.056,-30.2027,-20.2537,100
1.498,0.972,-159.064,-29.584,-20.0425,100
1.501,0.971,-159.078,-29.808,-20.3327,100
1.493,0.97,-159.099,-30.4773,-20.3561,100
1.497,0.967,-159.127,-29.7093,-20.4968,100
1.491,0.973,-159.15,-30.328,-19.9763,100
1.493,0.97,-159.181,-29.8107,-20.5837,100
1.488,0.973,-159.21,-30.2373,-20.2392,100
1.495,0.97,-159.23,-29.4933,-20.6467,100
1.489,0.975,-159.228,-30.312,-20.1849,100
1.496,0.97,-159.243,-29.5013,-20.843,100
1.495,0.966,-159.255,-30.0267,-20.7757,100
1.501,0.972,-159.251,-29.608,-20.1885,100
1.491,0.973,-159.266,-30.5947,-20.5613,100
1.487,0.97,-159.293,-30.1627,-20.8354,100
1.497,0.971,-159.292,-29.3093,-20.6082,100
1.496,0.975,-159.319,-30.0347,-20.4718,100
1.501,0.97,-159.354,-29.6747,-21.0632,100
1.493,0.972,-159.366,-30.4773,-20.6441,100
1.505,0.968,-159.385,-29.24,-21.0434,100
1.496,0.974,-159.395,-30.568,-20.4563,100
1.502,0.966,-159.416,-29.616,-21.357,100
1.494,0.972,-159.418,-30.4853,-20.5031,100
1.497,0.977,-159.416,-29.776,-20.6414,100
1.487,0.973,-159.432,-30.5627,-21.241,100
1.495,0.974,-159.445,-29.4267,-20.9472,100
1.5,0.969,-159.462,-29.6667,-21.3386,100
1.491,0.976,-159.475,-30.528,-20.6262,100
1.494,0.971,-159.504,-29.752,-21.4177,100
1.489,0.975,-159.527,-30.2453,-20.8813,100
1.499,0.972,-159.522,-29.3253,-21.3554,100
1.489,0.978,-159.541,-30.5787,-20.8351,100
1.493,0.971,-159.555,-29.6773,-21.6772,100
1.492,0.976,-159.546,-30.0027,-20.9489,100
1.499,0.974,-159.56,-29.5253,-21.4311,100
1.491,0.972,-159.579,-30.4613,-21.4466,100
1.502,0.969,-159.582,-29.2827,-21.5206,100
1.498,0.974,-159.606,-30.2507,-21.0589,100
1.493,0.975,-159.632,-30.2773,-21.3651,100
1.492,0.967,-159.652,-30.0027,-21.9324,100
1.491,0.975,-159.665,-29.9947,-20.9614,100
1.504,0.97,-159.683,-29.1653,-21.8195,100
1.493,0.975,-159.698,-30.6773,-21.2244,100
1.5,0.971,-159.705,-29.5333,-21.8238,100
1.495,0.974,-159.705,-30.2933,-21.4127,100
1.492,0.975,-159.71,-30.136,-21.5857,100
1.5,0.971,-159.72,-29.4667,-21.9185,100
1.486,0.974,-159.732,-30.8213,-21.5073,100
1.492,0.974,-159.741,-29.536,-21.7389,100
1.491,0.975,-159.757,-29.9947,-21.7118,100
1.493,0.969,-159.772,-29.8107,-22.1619,100
1.502,0.975,-159.779,-29.416,-21.4415,100
1.491,0.976,-159.801,-30.6613,-21.8144,100
1.498,0.982,-159.823,-29.5173,-21.5609,100
1.498,0.987,-159.813,-29.984,-21.6996,100
1.505,0.991,-159.828,-29.5733,-21.8303,100
1.508,0.982,-159.844,-29.864,-22.6568,100
1.507,0.986,-159.853,-30.1227,-21.8541,100
1.508,0.994,-159.855,-29.9973,-21.6836,100
1.503,0.996,-159.884,-30.3573,-22.1319,100
1.505,0.992,-159.91,-29.9067,-22.5321,100
1.509,1.002,-159.915,-29.8053,-21.7112,100
1.514,0.996,-159.943,-29.7787,-22.7621,100
1.504,0.999,-159.968,-30.6987,-22.2185,100
1.519,1,-159.982,-29.152,-22.3922,100
1.513,0.998,-159.981,-30.504,-22.6086,100
1.512,0.992,-159.997,-30.1627,-22.8594,100
1.513,0.992,-159.999,-30.0373,-22.4915,100
1.511,0.999,-160.003,-30.2213,-22.1132,100
1.509,1.001,-160.015,-30.2053,-22.495,100
1.511,0.996,-160.031,-29.9547,-22.9539,100
1.516,1.001,-160.043,-29.7947,-22.3597,100
1.517,0.993,-160.064,-30.0693,-23.1945,100
1.51,1,-160.074,-30.5467,-22.2829,100
1.509,1.003,-160.093,-30.1387,-22.6061,100
1.512,1.004,-160.086,-29.896,-22.7799,100
1.512,1.009,-160.103,-30.096,-22.586,100
1.517,1.001,-160.113,-29.8027,-23.4211,100
1.513,1.008,-160.105,-30.3707,-22.5097,100
1.513,1.004,-160.118,-30.104,-23.2436,100
1.509,1.002,-160.144,-30.3387,-23.1267,100
1.52,1,-160.183,-29.4267,-23.1431,100
1.511,0.986,-160.209,-30.688,-23.8631,100
1.515,0.986,-160.216,-29.8533,-22.9617,100
1.51,0.993,-160.244,-30.4133,-22.5832,100
1.509,0.99,-160.265,-30.1387,-23.2579,100
1.519,0.989,-160.265,-29.4853,-23.1486,100
1.515,0.992,-160.277,-30.3867,-22.9381,100
1.517,0.999,-160.275,-30.0027,-22.7598,100
1.51,0.998,-160.29,-30.5467,-23.3175,100
1.518,1.004,-160.292,-29.6107,-22.9313,100
1.517,0.993,-160.319,-30.2027,-24.0089,100
1.503,0.996,-160.33,-30.9573,-23.1318,100
1.516,0.994,-160.351,-29.2613,-23.4813,100
1.508,0.996,-160.369,-30.5973,-23.2629,100
1.504,0.981,-160.392,-30.2987,-24.308,100
1.489,0.973,-160.407,-30.912,-23.8089,100
1.505,0.984,-160.403,-28.9733,-22.6621,100
1.516,0.982,-160.425,-29.3947,-23.5446,100
1.495,0.983,-160.448,-31.36,-23.3845,100
1.495,0.993,-160.442,-29.96,-22.8966,100
1.503,0.998,-160.474,-29.4907,-23.3023,100
1.513,0.995,-160.508,-29.4373,-23.8439,100
1.507,0.997,-160.497,-30.456,-23.5588,100
1.504,0.986,-160.526,-30.232,-24.3695,100
1.5,0.984,-160.549,-30.2667,-23.7853,100
1.499,0.976,-160.568,-30.0587,-24.153,100
1.493,0.979,-160.56,-30.344,-23.4753,100
1.493,0.979,-160.571,-29.944,-23.7071,100
1.497,0.983,-160.597,-29.7093,-23.5042,100
1.506,0.987,-160.594,-29.448,-23.5682,100
1.512,0.985,-160.614,-29.696,-23.9841,100
1.508,0.99,-160.647,-30.3307,-23.5895,100
1.511,0.995,-160.639,-29.888,-23.6618,100
1.505,0.99,-160.673,-30.44,-24.3205,100
1.504,0.988,-160.668,-30.0987,-24.1365,100
1.498,0.984,-160.68,-30.384,-24.2698,100
1.507,0.977,-160.683,-29.456,-24.4454,100
1.497,0.98,-160.696,-30.6427,-23.8345,100
1.501,0.972,-160.696,-29.7413,-24.5353,100
1.492,0.975,-160.699,-30.536,-23.8576,100
1.494,0.976,-160.71,-29.8187,-24.0305,100
1.492,0.98,-160.73,-30.0693,-23.8943,100
1.5,0.984,-160.755,-29.4667,-23.9582,100
1.499,0.992,-160.748,-30.0587,-23.7876,100
1.506,0.986,-160.782,-29.5813,-24.7049,100
1.493,0.987,-160.788,-30.8107,-24.2782,100
1.5,0.98,-160.8,-29.5333,-24.7873,100
1.506,0.974,-160.797,-29.648,-24.7042,100
1.49,0.973,-160.807,-30.9867,-24.3944,100
1.499,0.975,-160.803,-29.392,-24.242,100
1.492,0.979,-160.821,-30.4027,-24.1724,100
1.5,0.984,-160.85,-29.4667,-24.1776,100
1.503,0.991,-160.863,-29.824,-24.1324,100
1.503,0.992,-160.877,-30.024,-24.5725,100
1.507,0.992,-160.855,-29.7893,-24.6713,100
1.494,0.987,-160.85,-30.8187,-24.9966,100
1.497,0.982,-160.859,-29.776,-24.9884,100
1.501,0.984,-160.841,-29.7413,-24.5697,100
1.487,0.98,-160.845,-30.8293,-24.9694,100
1.497,0.975,-160.846,-29.3093,-25.0277,100
1.5,0.982,-160.833,-29.8,-24.3155,100
1.494,0.984,-160.854,-30.352,-24.6967,100
1.503,0.984,-160.836,-29.424,-24.8619,100
1.502,0.987,-160.862,-30.0827,-24.7179,100
1.5,0.992,-160.841,-30.1333,-24.6567,100
1.504,0.989,-160.861,-29.7653,-25.1981,100
1.496,0.991,-160.84,-30.5013,-24.9129,100
1.503,0.988,-160.847,-29.5573,-25.2542,100
1.497,0.988,-160.851,-30.376,-25.0862,100
1.5,0.985,-160.834,-29.8,-25.2941,100
1.491,0.987,-160.839,-30.528,-25.0088,100
1.499,0.98,-160.822,-29.4587,-25.5845,100
1.491,0.985,-160.839,-30.4613,-24.8564,100
1.496,0.983,-160.847,-29.6347,-25.3389,100
1.492,0.988,-160.84,-30.2027,-24.9443,100
1.501,0.986,-160.847,-29.408,-25.4269,100
1.498,0.992,-160.832,-30.184,-24.9737,100
1.503,0.988,-160.838,-29.6907,-25.6404,100
1.495,0.994,-160.84,-30.4933,-25.0539,100
1.497,0.985,-160.847,-29.8427,-26.0138,100
1.492,0.991,-160.846,-30.2693,-25.094,100
1.495,0.981,-160.836,-29.76,-26.1124,100
1.493,0.984,-160.812,-30.0773,-25.3016,100
1.496,0.981,-160.823,-29.768,-25.7094,100
1.489,0.986,-160.826,-30.3787,-25.248,100
1.498,0.987,-160.833,-29.384,-25.5547,100
1.492,0.991,-160.845,-30.336,-25.4188,100
1.501,0.99,-160.812,-29.408,-25.7762,100
1.493,0.992,-160.848,-30.4773,-25.6243,100
1.497,0.989,-160.808,-29.7093,-25.9657,100
1.493,0.989,-160.856,-30.2107,-25.7977,100
1.495,0.982,-160.811,-29.8267,-26.2402,100
1.491,0.986,-160.842,-30.1947,-25.5708,100
1.489,0.981,-160.816,-30.0453,-26.1626,100
1.492,0.98,-160.84,-29.736,-25.9067,100
1.488,0.988,-160.822,-30.1707,-25.3707,100
1.494,0.988,-160.8,-29.552,-25.904,100
1.493,0.989,-160.839,-30.0107,-25.8453,100
1.494,0.989,-160.807,-29.8853,-25.912,100
1.495,0.993,-160.842,-29.8933,-25.6773,100
1.494,0.993,-160.813,-30.0187,-25.944,100
1.499,0.984,-160.834,-29.6587,-26.472,100
1.489,0.985,-160.818,-30.5787,-25.8133,100
1.494,0.983,-160.823,-29.6187,-25.9973,100
1.492,0.986,-160.823,-30.0693,-25.688,100
1.492,0.982,-160.801,-29.936,-26.1227,100
1.494,0.983,-160.824,-29.8187,-25.7973,100
1.491,0.99,-160.804,-30.128,-25.4533,100
1.499,0.989,-160.817,-29.4587,-25.9787,100
1.492,0.989,-160.811,-30.4027,-25.912,100
1.494,0.989,-160.789,-29.8187,-25.912,100
1.497,0.987,-160.835,-29.776,-26.0293,100
1.496,0.983,-160.815,-30.0347,-26.1307,100
1.495,0.985,-160.808,-30.0267,-25.7467,100
1.491,0.982,-160.811,-30.1947,-26.056,100
1.489,0.986,-160.798,-30.0453,-25.6213,100
1.493,0.988,-160.814,-29.6773,-25.7707,100
1.489,0.987,-160.782,-30.1787,-25.9627,100
1.491,0.988,-160.785,-29.7947,-25.8373,100
1.494,0.987,-160.808,-29.752,-25.9627,100
1.492,0.989,-160.794,-30.0693,-25.7787,100
1.495,0.988,-160.803,-29.76,-25.9707,100
1.492,0.985,-160.799,-30.136,-26.08,100
1.496,0.986,-160.8,-29.7013,-25.8213,100
1.492,0.986,-160.818,-30.2027,-25.888,100
1.489,0.986,-160.775,-30.112,-25.888,100
1.493,0.987,-160.8,-29.6773,-25.8293,100
1.488,0.985,-160.792,-30.2373,-26.0133,100
1.492,0.99,-160.776,-29.6693,-25.5867,100
1.489,0.988,-160.803,-30.112,-26.0373,100
1.489,0.99,-160.763,-29.912,-25.7867,100
1.493,0.991,-160.803,-29.6773,-25.8613,100
1.491,0.984,-160.777,-30.0613,-26.3387,100
1.491,0.991,-160.777,-29.928,-25.4613,100
1.491,0.984,-160.8,-29.928,-26.3387,100
1.488,0.987,-160.756,-30.104,-25.696,100
1.49,0.987,-160.778,-29.7867,-25.896,100
1.489,0.985,-160.774,-29.9787,-26.0133,100
1.49,0.991,-160.775,-29.8533,-25.528,100
1.492,0.984,-160.789,-29.8027,-26.3387,100
1.486,0.988,-160.783,-30.288,-25.6373,100
1.488,0.991,-160.758,-29.7707,-25.728,100
1.493,0.988,-160.791,-29.6107,-26.104,100
1.489,0.988,-160.782,-30.1787,-25.904,100
1.487,0.987,-160.758,-30.0293,-25.9627,100
1.487,0.992,-160.772,-29.896,-25.6027,100
1.492,0.986,-160.784,-29.6027,-26.288,100
1.486,0.985,-160.778,-30.288,-25.9467,100
1.488,0.985,-160.758,-29.7707,-25.88,100
1.49,0.983,-160.774,-29.7867,-25.9973,100
1.487,0.982,-160.768,-30.096,-25.9227,100
1.487,0.989,-160.772,-29.896,-25.4453,100
1.49,0.988,-160.781,-29.72,-25.9707,100
1.484,0.991,-160.759,-30.272,-25.728,100
1.49,0.988,-160.775,-29.52,-26.104,100
1.487,0.988,-160.786,-30.096,-25.904,100
1.488,0.986,-160.745,-29.8373,-26.0213,100
1.491,0.983,-160.774,-29.728,-26.064,100
1.487,0.98,-160.756,-30.1627,-26.04,100
1.49,0.983,-160.752,-29.72,-25.664,100
1.486,0.981,-160.772,-30.1547,-25.9813,100
1.486,0.983,-160.738,-29.888,-25.7307,100
1.487,0.988,-160.771,-29.8293,-25.5707,100
1.485,0.984,-160.745,-30.0133,-26.1387,100
1.484,0.991,-160.745,-29.9387,-25.4613,100
1.49,0.985,-160.768,-29.52,-26.28,100
1.489,0.987,-160.732,-29.9787,-25.7627,100
1.49,0.986,-160.741,-29.8533,-25.9547,100
1.49,0.982,-160.755,-29.92,-26.1227,100
1.488,0.986,-160.744,-30.0373,-25.6213,100
1.491,0.985,-160.75,-29.728,-25.9467,100
1.483,0.986,-160.747,-30.3973,-25.8213,100
1.487,0.988,-160.739,-29.6293,-25.7707,100
1.486,0.988,-160.766,-29.9547,-25.904,100
1.484,0.987,-160.726,-30.0053,-25.9627,100
1.491,0.988,-160.747,-29.4613,-25.8373,100
1.487,0.982,-160.75,-30.1627,-26.256,100
1.486,0.986,-160.716,-29.9547,-25.6213,100
1.489,0.983,-160.759,-29.712,-26.064,100
1.489,0.981,-160.732,-29.912,-25.9813,100
1.49,0.986,-160.734,-29.8533,-25.5547,100
1.489,0.981,-160.739,-29.9787,-26.1813,100
1.486,0.986,-160.726,-30.088,-25.5547,100
1.487,0.986,-160.737,-29.8293,-25.888,100
1.481,0.983,-160.718,-30.248,-26.064,100
1.482,0.985,-160.712,-29.7893,-25.7467,100
1.49,0.983,-160.737,-29.3867,-25.9973,100
1.484,0.984,-160.718,-30.272,-25.8053,100
1.488,0.983,-160.71,-29.6373,-25.9307,100
1.492,0.981,-160.744,-29.6693,-25.9813,100
1.491,0.983,-160.707,-29.9947,-25.7307,100
1.491,0.986,-160.729,-29.928,-25.688,100
1.487,0.982,-160.719,-30.1627,-26.1227,100
1.489,0.987,-160.703,-29.7787,-25.5627,100
1.487,0.986,-160.73,-30.0293,-25.9547,100
1.482,0.984,-160.695,-30.1893,-26.0053,100
1.488,0.987,-160.727,-29.504,-25.696,100
1.49,0.983,-160.72,-29.7867,-26.1307,100
1.486,0.986,-160.702,-30.1547,-25.688,100
1.492,0.983,-160.731,-29.536,-26.064,100
1.49,0.984,-160.724,-30.0533,-25.8053,100
1.491,0.987,-160.701,-29.8613,-25.696,100
1.49,0.984,-160.714,-29.9867,-26.072,100
1.485,0.986,-160.701,-30.2133,-25.7547,100
1.488,0.99,-160.7,-29.704,-25.6533,100
1.482,0.988,-160.714,-30.256,-26.0373,100
1.492,0.987,-160.683,-29.2693,-25.9627,100
1.487,0.989,-160.72,-30.2293,-25.7787,100
1.486,0.985,-160.694,-29.9547,-26.1467,100
1.486,0.993,-160.693,-29.888,-25.4107,100
1.493,0.985,-160.72,-29.4773,-26.4133,100
1.492,0.988,-160.672,-30.0027,-25.704,100
1.487,0.99,-160.713,-30.2293,-25.7867,100
1.489,0.987,-160.694,-29.7787,-26.096,100
1.486,0.996,-160.688,-30.088,-25.368,100
1.495,0.986,-160.707,-29.36,-26.5547,100
1.49,0.988,-160.71,-30.2533,-25.7707,100
1.49,0.991,-160.679,-29.92,-25.728,100
1.488,0.991,-160.696,-30.0373,-25.928,100
1.489,0.99,-160.714,-29.8453,-25.9867,100
1.486,0.99,-160.683,-30.088,-25.92,100
1.482,0.995,-160.683,-30.1227,-25.6267,100
1.486,0.991,-160.705,-29.6213,-26.1947,100
1.483,0.992,-160.67,-30.064,-25.8693,100
1.486,0.988,-160.676,-29.688,-26.1707,100
1.488,0.984,-160.694,-29.7707,-26.1387,100
1.488,0.991,-160.681,-29.904,-25.4613,100
1.493,0.992,-160.688,-29.6107,-25.8693,100
1.488,0.99,-160.691,-30.2373,-26.0533,100
1.491,0.993,-160.677,-29.728,-25.744,100
1.49,0.995,-160.706,-29.9867,-25.8267,100
1.482,0.993,-160.667,-30.3893,-26.0773,100
1.486,0.994,-160.683,-29.6213,-25.8853,100
1.485,0.99,-160.692,-29.9467,-26.1867,100
1.485,0.992,-160.657,-29.88,-25.8027,100
1.488,0.988,-160.701,-29.704,-26.1707,100
1.488,0.986,-160.676,-29.904,-26.0213,100
1.492,0.991,-160.673,-29.6693,-25.5947,100
1.493,0.985,-160.681,-29.8773,-26.28,100
1.489,0.99,-160.668,-30.1787,-25.5867,100
1.491,0.992,-160.673,-29.7947,-25.8027,100
1.488,0.991,-160.662,-30.104,-25.9947,100
1.484,0.993,-160.652,-30.1387,-25.8107,100
1.487,0.991,-160.674,-29.696,-26.0613,100
1.482,0.991,-160.66,-30.1893,-25.928,100
1.487,0.991,-160.643,-29.5627,-25.928,100
1.488,0.988,-160.687,-29.8373,-26.104,100
1.489,0.987,-160.646,-29.8453,-25.9627,100
1.493,0.992,-160.666,-29.6773,-25.6027,100
1.491,0.987,-160.669,-30.0613,-26.2293,100
1.49,0.99,-160.641,-29.9867,-25.72,100
1.489,0.991,-160.671,-29.9787,-25.8613,100
1.483,0.99,-160.643,-30.264,-25.9867,100
1.483,0.993,-160.666,-29.864,-25.744,100
1.489,0.983,-160.661,-29.512,-26.5307,100
1.48,0.989,-160.646,-30.44,-25.512,100
1.489,0.988,-160.669,-29.312,-25.9707,100
1.485,0.991,-160.652,-30.1467,-25.728,100
1.491,0.99,-160.639,-29.528,-25.9867,100
1.497,0.989,-160.66,-29.576,-25.9787,100
1.485,0.992,-160.644,-30.68,-25.736,100
1.492,0.994,-160.632,-29.4693,-25.8187,100
1.488,0.992,-160.659,-30.1707,-26.0693,100
1.492,0.988,-160.617,-29.6693,-26.1707,100
1.486,0.994,-160.652,-30.288,-25.552,100
1.485,0.987,-160.632,-29.9467,-26.3627,100
1.492,0.994,-160.622,-29.4693,-25.4853,100
1.493,0.987,-160.654,-29.8773,-26.3627,100
1.493,0.989,-160.611,-29.944,-25.7787,100
1.489,0.995,-160.64,-30.1787,-25.56,100
1.497,0.988,-160.636,-29.4427,-26.3707,100
1.49,0.994,-160.619,-30.3867,-25.552,100
1.493,0.986,-160.637,-29.744,-26.4213,100
1.487,0.991,-160.636,-30.296,-25.5947,100
1.487,0.992,-160.622,-29.896,-25.8693,100
1.496,0.988,-160.645,-29.368,-26.1707,100
1.492,0.987,-160.624,-30.2027,-25.9627,100
1.49,0.993,-160.619,-30.0533,-25.544,100
1.491,0.992,-160.638,-29.8613,-26.0027,100
1.483,0.992,-160.606,-30.3973,-25.936,100
1.484,0.992,-160.607,-29.8053,-25.936,100
1.486,0.988,-160.633,-29.7547,-26.1707,100
1.483,0.991,-160.614,-30.064,-25.728,100
1.488,0.989,-160.615,-29.5707,-26.0453,100
1.488,0.986,-160.633,-29.904,-26.088,100
1.49,0.986,-160.605,-29.7867,-25.888,100
1.491,0.988,-160.638,-29.8613,-25.7707,100
1.485,0.986,-160.608,-30.28,-26.0213,100
1.487,0.991,-160.619,-29.7627,-25.5947,100
1.485,0.987,-160.633,-30.0133,-26.1627,100
1.48,0.99,-160.594,-30.1733,-25.72,100
1.483,0.988,-160.637,-29.664,-26.0373,100
1.482,0.982,-160.617,-29.9227,-26.256,100
1.482,0.988,-160.607,-29.856,-25.504,100
1.487,0.98,-160.627,-29.5627,-26.3733,100
1.485,0.983,-160.613,-30.0133,-25.664,100
1.489,0.985,-160.608,-29.6453,-25.7467,100
1.487,0.983,-160.608,-30.0293,-25.9973,100
1.483,0.986,-160.594,-30.1307,-25.688,100
1.485,0.989,-160.61,-29.7467,-25.712,100
1.478,0.989,-160.603,-30.2907,-25.912,100
1.481,0.988,-160.58,-29.648,-25.9707,100
1.484,0.986,-160.626,-29.672,-26.0213,100
1.483,0.984,-160.584,-29.9307,-26.0053,100
1.486,0.988,-160.601,-29.688,-25.6373,100
1.488,0.982,-160.607,-29.7707,-26.256,100
1.49,0.986,-160.574,-29.7867,-25.6213,100
1.49,0.987,-160.605,-29.92,-25.8293,100
1.487,0.985,-160.58,-30.096,-26.0133,100
1.483,0.991,-160.597,-30.1307,-25.528,100
1.485,0.986,-160.599,-29.7467,-26.2213,100
1.479,0.99,-160.58,-30.232,-25.6533,100
1.485,0.987,-160.603,-29.48,-26.096,100
1.488,0.986,-160.59,-29.704,-25.9547,100
1.485,0.986,-160.574,-30.08,-25.888,100
1.492,0.983,-160.597,-29.4693,-26.064,100
1.478,0.989,-160.579,-30.7573,-25.512,100
1.481,0.988,-160.562,-29.648,-25.9707,100
1.484,0.986,-160.581,-29.672,-26.0213,100
1.487,0.988,-160.597,-29.696,-25.7707,100
1.484,0.984,-160.575,-30.072,-26.1387,100
1.486,0.991,-160.585,-29.7547,-25.4613,100
1.491,0.988,-160.592,-29.5947,-26.104,100
1.479,0.988,-160.577,-30.632,-25.904,100
1.49,0.99,-160.56,-29.1867,-25.7867,100
1.491,0.989,-160.582,-29.8613,-25.9787,100
1.487,0.989,-160.598,-30.1627,-25.912,100
1.481,0.99,-160.553,-30.248,-25.8533,100
1.484,0.99,-160.581,-29.672,-25.92,100
1.481,0.987,-160.572,-30.048,-26.096,100
1.481,0.989,-160.555,-29.848,-25.7787,100
1.483,0.987,-160.59,-29.7307,-26.0293,100
1.484,0.987,-160.557,-29.8053,-25.896,100
1.488,0.991,-160.58,-29.6373,-25.6613,100
1.487,0.986,-160.563,-29.9627,-26.2213,100
1.486,0.991,-160.558,-29.9547,-25.5947,100
1.488,0.99,-160.578,-29.7707,-25.9867,100
1.481,0.992,-160.544,-30.3147,-25.8027,100
1.482,0.993,-160.547,-29.7893,-25.8773,100
1.483,0.99,-160.569,-29.7973,-26.12,100
1.479,0.993,-160.551,-30.0987,-25.744,100
1.484,0.99,-160.553,-29.5387,-26.12,100
1.483,0.988,-160.571,-29.9307,-26.0373,100
1.487,0.989,-160.541,-29.6293,-25.8453,100
1.49,0.992,-160.575,-29.72,-25.736,100
1.481,0.99,-160.549,-30.448,-26.0533,100
1.479,0.992,-160.541,-29.9653,-25.8027,100
1.49,0.993,-160.555,-29.1867,-25.8773,100
1.487,0.99,-160.56,-30.096,-26.12,100
1.484,0.99,-160.541,-30.072,-25.92,100
1.488,0.989,-160.526,-29.6373,-25.9787,100
1.491,0.99,-160.568,-29.728,-25.8533,100
1.486,0.991,-160.537,-30.2213,-25.8613,100
1.488,0.995,-160.547,-29.7707,-25.6933,100
1.485,0.991,-160.557,-30.08,-26.1947,100
1.484,0.994,-160.523,-29.9387,-25.752,100
1.482,0.995,-160.556,-29.9893,-25.8933,100
1.481,0.989,-160.529,-29.9147,-26.312,100
1.487,0.993,-160.543,-29.496,-25.6773,100
1.488,0.988,-160.549,-29.8373,-26.2373,100
1.485,0.991,-160.524,-30.08,-25.728,100
1.491,0.993,-160.558,-29.528,-25.8107,100
1.491,0.991,-160.55,-29.928,-26.0613,100
1.481,0.991,-160.514,-30.5147,-25.928,100
1.483,0.994,-160.536,-29.7307,-25.752,100
1.488,0.991,-160.54,-29.5707,-26.128,100
1.483,0.993,-160.537,-30.1973,-25.8107,100
1.485,0.994,-160.517,-29.7467,-25.8853,100
1.482,0.991,-160.54,-30.056,-26.128,100
1.481,0.99,-160.509,-29.9147,-25.9867,100
1.486,0.994,-160.538,-29.5547,-25.6853,100
1.484,0.991,-160.528,-30.0053,-26.128,100
1.487,0.994,-160.513,-29.696,-25.752,100
1.491,0.993,-160.55,-29.6613,-26.0107,100
1.488,0.992,-160.502,-30.104,-26.0027,100
1.486,0.996,-160.521,-30.0213,-25.7013,100
1.488,0.99,-160.535,-29.7707,-26.32,100
1.479,0.995,-160.519,-30.432,-25.6267,100
1.48,0.998,-160.509,-29.7733,-25.784,100
1.483,0.994,-160.518,-29.664,-26.2187,100
1.481,0.993,-160.523,-29.9813,-26.0107,100
1.484,0.995,-160.52,-29.672,-25.8267,100
1.487,0.993,-160.534,-29.696,-26.0773,100
1.48,0.996,-160.516,-30.3067,-25.768,100
1.488,0.996,-160.505,-29.3707,-25.968,100
1.483,0.994,-160.532,-30.1973,-26.0853,100
1.48,0.992,-160.496,-30.04,-26.0693,100
1.484,0.997,-160.516,-29.6053,-25.6427,100
1.485,0.995,-160.534,-29.8133,-26.0933,100
1.481,0.992,-160.512,-30.1147,-26.136,100
1.479,0.998,-160.503,-29.9653,-25.584,100
1.478,0.992,-160.532,-29.8907,-26.336,100
1.477,0.991,-160.504,-29.8827,-25.9947,100
1.484,0.996,-160.518,-29.4053,-25.6347,100
1.486,0.988,-160.505,-29.7547,-26.4373,100
1.483,0.993,-160.501,-30.064,-25.6107,100
1.49,0.993,-160.514,-29.4533,-25.944,100
1.483,0.995,-160.498,-30.3307,-25.8267,100
1.482,0.996,-160.483,-29.9227,-25.9013,100
1.481,0.996,-160.522,-29.9147,-25.968,100
1.474,0.997,-160.492,-30.2587,-25.9093,100
1.48,0.996,-160.497,-29.44,-26.0347,100
1.478,0.991,-160.517,-29.9573,-26.2613,100
1.482,0.992,-160.478,-29.5893,-25.8693,100
1.485,0.995,-160.517,-29.68,-25.76,100
1.486,0.989,-160.486,-29.8213,-26.312,100
1.488,0.995,-160.496,-29.7707,-25.56,100
1.488,0.992,-160.505,-29.904,-26.136,100
1.481,0.995,-160.48,-30.3147,-25.76,100
1.481,0.996,-160.51,-29.848,-25.9013,100
1.482,0.994,-160.509,-29.7893,-26.0853,100
1.477,0.995,-160.481,-30.1493,-25.8933,100
1.485,0.989,-160.501,-29.3467,-26.312,100
1.482,0.99,-160.499,-30.056,-25.8533,100
1.486,0.991,-160.473,-29.6213,-25.8613,100
1.486,0.989,-160.502,-29.888,-26.0453,100
1.485,0.989,-160.47,-29.9467,-25.912,100
1.486,0.993,-160.493,-29.8213,-25.6773,100
1.479,0.993,-160.492,-30.2987,-25.944,100
1.478,0.995,-160.467,-29.8907,-25.8267,100
1.481,0.993,-160.506,-29.648,-26.0773,100
1.48,0.988,-160.463,-29.9067,-26.2373,100
1.48,0.991,-160.475,-29.84,-25.728,100
1.485,0.986,-160.49,-29.5467,-26.2213,100
1.485,0.991,-160.463,-29.88,-25.5947,100
1.49,0.991,-160.469,-29.5867,-25.928,100
1.489,0.992,-160.488,-29.9787,-25.8693,100
1.487,0.997,-160.475,-30.0293,-25.6427,100
1.492,0.993,-160.49,-29.6027,-26.2107,100
1.484,1,-160.474,-30.4053,-25.5333,100
1.489,0.998,-160.472,-29.5787,-26.1173,100
1.493,0.995,-160.495,-29.6773,-26.16,100
1.487,0.994,-160.452,-30.296,-26.0187,100
1.492,0.996,-160.483,-29.6027,-25.8347,100
1.483,0.999,-160.473,-30.464,-25.792,100
1.493,1,-160.456,-29.2773,-25.9333,100
1.494,1.001,-160.497,-29.8853,-25.9413,100
1.492,1.001,-160.471,-30.0693,-26.008,100
1.487,1.005,-160.469,-30.2293,-25.7733,100
1.487,0.998,-160.47,-29.896,-26.4507,100
1.491,1,-160.455,-29.6613,-25.8667,100
1.493,0.999,-160.455,-29.8107,-26.0587,100
1.491,0.997,-160.482,-30.0613,-26.1093,100
1.485,0.994,-160.457,-30.28,-26.152,100
1.487,0.994,-160.439,-29.7627,-25.952,100
1.487,1.002,-160.476,-29.896,-25.4827,100
1.486,0.997,-160.466,-29.9547,-26.3093,100
1.49,0.997,-160.455,-29.6533,-25.976,100
1.495,0.999,-160.449,-29.6267,-25.8587,100
1.489,0.996,-160.481,-30.312,-26.168,100
1.487,0.995,-160.467,-30.0293,-26.0267,100
1.49,0.997,-160.454,-29.72,-25.8427,100
1.494,0.992,-160.464,-29.6853,-26.2693,100
1.489,0.994,-160.453,-30.2453,-25.8187,100
1.49,0.996,-160.451,-29.8533,-25.8347,100
1.484,0.996,-160.459,-30.272,-25.968,100
1.481,0.996,-160.426,-30.048,-25.968,100
1.481,0.997,-160.47,-29.848,-25.9093,100
1.478,0.995,-160.443,-30.024,-26.0933,100
1.482,0.998,-160.44,-29.5893,-25.784,100
1.485,0.994,-160.471,-29.68,-26.2187,100
1.486,0.994,-160.423,-29.8213,-25.952,100
1.488,0.998,-160.454,-29.7707,-25.7173,100
1.49,0.992,-160.444,-29.7867,-26.336,100
1.485,0.996,-160.437,-30.2133,-25.7013,100
1.484,0.994,-160.452,-29.9387,-26.0853,100
1.486,0.993,-160.418,-29.7547,-26.0107,100
1.49,0.995,-160.456,-29.6533,-25.8267,100
1.487,0.993,-160.428,-30.096,-26.0773,100
1.488,0.998,-160.427,-29.8373,-25.6507,100
1.488,0.997,-160.455,-29.904,-26.0427,100
1.484,1.001,-160.41,-30.1387,-25.7413,100
1.494,1.002,-160.45,-29.2853,-25.9493,100
1.495,1,-160.452,-29.8933,-26.1333,100
1.492,0.999,-160.423,-30.136,-26.0587,100
1.485,1.001,-160.426,-30.3467,-25.8747,100
1.49,1,-160.442,-29.5867,-26.0667,100
1.484,1.001,-160.444,-30.272,-25.9413,100
1.482,1.002,-160.41,-29.9893,-25.9493,100
1.483,1.003,-160.445,-29.7973,-25.9573,100
1.482,0.996,-160.415,-29.9227,-26.4347,100
1.483,1.002,-160.417,-29.7973,-25.616,100
1.49,0.997,-160.438,-29.4533,-26.3093,100
1.492,1,-160.406,-29.8027,-25.8,100
1.496,1.001,-160.414,-29.7013,-25.9413,100
1.496,1,-160.432,-29.968,-26.0667,100
1.491,1.004,-160.415,-30.2613,-25.7653,100
1.494,1.005,-160.425,-29.752,-25.9733,100
1.486,1.003,-160.424,-30.4213,-26.1573,100
1.488,1.002,-160.411,-29.7707,-26.0827,100
1.487,1.002,-160.44,-29.9627,-26.016,100
1.485,0.997,-160.397,-30.0133,-26.3093,100
1.492,1,-160.422,-29.4693,-25.8,100
1.492,0.995,-160.429,-29.936,-26.2933,100
1.494,0.999,-160.392,-29.8187,-25.7253,100
1.497,1.001,-160.437,-29.776,-25.8747,100
1.495,0.999,-160.409,-30.0933,-26.1253,100
1.491,1.004,-160.411,-30.1947,-25.6987,100
1.488,0.998,-160.417,-30.104,-26.384,100
1.483,1.001,-160.401,-30.1973,-25.808,100
1.486,0.997,-160.411,-29.688,-26.2427,100
1.484,0.992,-160.397,-30.0053,-26.2693,100
1.487,1,-160.398,-29.696,-25.4667,100
1.492,0.995,-160.415,-29.6027,-26.2933,100
1.489,0.999,-160.396,-30.112,-25.7253,100
1.488,1.002,-160.398,-29.9707,-25.816,100
1.487,1.002,-160.428,-29.9627,-26.016,100
1.487,1,-160.403,-29.896,-26.1333,100
1.488,1.002,-160.401,-29.8373,-25.8827,100
1.492,0.995,-160.405,-29.6693,-26.4267,100
1.49,0.998,-160.394,-30.0533,-25.784,100
1.494,0.996,-160.397,-29.6853,-26.1013,100
1.489,0.996,-160.389,-30.2453,-25.968,100
1.488,0.997,-160.369,-29.9707,-25.9093,100
1.487,1,-160.404,-29.9627,-25.8,100
1.478,1.002,-160.382,-30.424,-25.8827,100
1.484,1.001,-160.375,-29.472,-26.0747,100
1.484,1,-160.413,-29.872,-26.0667,100
1.485,0.999,-160.367,-29.8133,-26.0587,100
1.489,1.003,-160.399,-29.6453,-25.7573,100
1.489,0.996,-160.385,-29.912,-26.4347,100
1.493,1,-160.377,-29.6773,-25.7333,100
1.493,0.998,-160.399,-29.944,-26.1173,100
1.487,0.998,-160.368,-30.296,-25.984,100

New PID Setting: 8.000000,5.000000,2.000000

1.486,1.003,-160.399,-26.9547,-22.6907,100
1.488,0.998,-160.38,-26.7707,-23.3173,100
1.49,1.001,-160.376,-26.7867,-22.808,100
1.489,0.999,-160.406,-26.9787,-23.1253,100
1.487,1.002,-160.359,-27.0293,-22.816,100
1.486,1.005,-160.386,-26.9547,-22.84,100
1.484,1,-160.376,-27.0053,-23.3333,100
1.486,1.001,-160.373,-26.7547,-22.9413,100
1.488,0.997,-160.385,-26.7707,-23.2427,100
1.484,0.993,-160.365,-27.1387,-23.2107,100
1.484,0.993,-160.391,-26.872,-22.944,100
1.481,0.988,-160.391,-27.048,-23.2373,100
1.484,0.993,-160.363,-26.672,-22.6107,100
1.488,0.996,-160.379,-26.6373,-22.768,100
1.478,0.995,-160.377,-27.4907,-23.0267,100
1.478,0.997,-160.351,-26.824,-22.8427,100
1.482,1,-160.38,-26.5893,-22.8,100
1.479,0.996,-160.348,-27.032,-23.2347,100
1.48,0.998,-160.377,-26.7733,-22.8507,100
1.481,0.996,-160.363,-26.7813,-23.1013,100
1.485,0.997,-160.349,-26.6133,-22.9093,100
1.482,0.996,-160.384,-27.056,-23.0347,100
1.478,0.993,-160.333,-27.0907,-23.144,100
1.478,0.997,-160.357,-26.824,-22.7093,100
1.477,0.993,-160.354,-26.8827,-23.2107,100
1.476,0.995,-160.348,-26.8747,-22.8267,100
1.48,0.993,-160.361,-26.5733,-23.0773,100
1.48,0.994,-160.35,-26.84,-22.8853,100
1.484,0.998,-160.367,-26.6053,-22.7173,100
1.484,0.996,-160.375,-26.872,-23.1013,100
1.479,0.997,-160.342,-27.1653,-22.9093,100
1.478,0.995,-160.358,-26.8907,-23.0933,100
1.471,0.993,-160.358,-27.2347,-23.0773,100
1.477,0.991,-160.332,-26.416,-23.0613,100
1.477,0.988,-160.362,-26.816,-23.104,100
1.478,0.986,-160.329,-26.7573,-23.0213,100
1.483,0.992,-160.36,-26.5307,-22.536,100
1.48,0.992,-160.345,-27.04,-22.936,100
1.481,0.996,-160.335,-26.7813,-22.7013,100
1.478,0.996,-160.367,-27.024,-22.968,100
1.475,0.996,-160.321,-27,-22.968,100
1.476,0.996,-160.343,-26.7413,-22.968,100
1.478,0.991,-160.343,-26.6907,-23.2613,100
1.479,0.994,-160.338,-26.7653,-22.752,100
1.484,0.992,-160.349,-26.5387,-23.0693,100
1.479,0.994,-160.334,-27.1653,-22.8187,100
1.479,0.996,-160.349,-26.832,-22.8347,100
1.477,0.996,-160.361,-26.9493,-22.968,100
1.474,0.995,-160.325,-26.992,-23.0267,100
1.479,0.992,-160.348,-26.4987,-23.136,100
1.475,0.99,-160.341,-27.0667,-23.0533,100
1.482,0.993,-160.328,-26.3893,-22.744,100
1.48,0.994,-160.35,-26.9733,-22.8853,100
1.48,0.994,-160.313,-26.84,-22.952,100
1.479,0.998,-160.353,-26.8987,-22.7173,100
1.471,0.995,-160.323,-27.3013,-23.16,100
1.472,1.001,-160.324,-26.7093,-22.608,100
1.475,0.994,-160.349,-26.6,-23.4187,100
1.478,0.995,-160.311,-26.624,-22.8933,100
1.474,1,-160.35,-27.0587,-22.6667,100
1.48,0.995,-160.327,-26.44,-23.2933,100
1.48,1.001,-160.331,-26.84,-22.608,100
1.477,0.993,-160.337,-27.016,-23.4773,100
1.468,0.999,-160.319,-27.344,-22.592,100
1.473,0.996,-160.337,-26.4507,-23.168,100
1.476,0.997,-160.328,-26.608,-22.9093,100
1.474,0.996,-160.3,-26.9253,-23.0347,100
1.471,1.001,-160.323,-26.968,-22.6747,100
1.478,0.995,-160.334,-26.3573,-23.36,100
1.467,0.998,-160.312,-27.4693,-22.784,100
1.471,0.999,-160.315,-26.5013,-22.9253,100
1.474,0.996,-160.328,-26.592,-23.168,100
1.474,0.996,-160.312,-26.792,-22.968,100
1.479,1.001,-160.332,-26.4987,-22.6747,100
1.478,0.998,-160.338,-26.8907,-23.184,100
1.473,1,-160.308,-27.1173,-22.8667,100
1.474,0.998,-160.326,-26.7253,-23.1173,100
1.468,0.998,-160.322,-27.144,-22.984,100
1.474,0.997,-160.304,-26.392,-23.0427,100
1.472,0.995,-160.322,-26.9093,-23.0933,100
1.475,0.994,-160.29,-26.6,-23.0187,100
1.478,1.002,-160.329,-26.624,-22.4827,100
1.472,0.999,-160.305,-27.176,-23.192,100
1.473,1.003,-160.301,-26.7173,-22.7573,100
1.47,1,-160.331,-26.96,-23.2,100
1.471,0.998,-160.287,-26.7013,-23.1173,100
1.472,0.999,-160.316,-26.7093,-22.9253,100
1.473,0.994,-160.303,-26.7173,-23.2853,100
1.478,1.001,-160.31,-26.4907,-22.5413,100
1.481,0.999,-160.318,-26.648,-23.1253,100
1.474,1.001,-160.295,-27.2587,-22.8747,100
1.472,1.002,-160.32,-26.9093,-22.9493,100
1.471,1.002,-160.323,-26.8347,-23.016,100
1.469,1.001,-160.292,-26.8853,-23.0747,100
1.474,0.998,-160.31,-26.4587,-23.184,100
1.472,0.998,-160.298,-26.9093,-22.984,100
1.48,1.001,-160.3,-26.3067,-22.808,100
1.475,1,-160.31,-27.1333,-23.0667,100
1.476,0.999,-160.276,-26.7413,-23.0587,100
1.475,1.004,-160.324,-26.8667,-22.6987,100
1.468,0.999,-160.283,-27.2107,-23.3253,100
1.471,1.002,-160.296,-26.568,-22.816,100
1.472,0.996,-160.31,-26.7093,-23.368,100
1.477,0.999,-160.275,-26.4827,-22.792,100
1.478,1,-160.306,-26.7573,-22.9333,100
1.476,1,-160.282,-26.9413,-23,100
1.475,1.006,-160.305,-26.8667,-22.648,100
1.474,1.004,-160.304,-26.8587,-23.1653,100
1.469,1.006,-160.284,-27.0853,-22.9147,100
1.472,0.999,-160.308,-26.576,-23.4587,100
1.471,0.999,-160.305,-26.8347,-22.992,100
1.476,0.998,-160.281,-26.4747,-23.0507,100
1.478,1,-160.3,-26.6907,-22.8667,100
1.475,0.999,-160.279,-27,-23.0587,100
1.477,1.005,-160.296,-26.6827,-22.64,100
1.47,1.004,-160.29,-27.2267,-23.0987,100
1.472,1.004,-160.269,-26.6427,-23.032,100
1.473,1.001,-160.315,-26.7173,-23.208,100
1.474,0.998,-160.268,-26.7253,-23.184,100
1.478,1.003,-160.296,-26.5573,-22.6907,100
1.477,0.999,-160.288,-26.8827,-23.2587,100
1.476,1.005,-160.275,-26.8747,-22.64,100
1.476,1.004,-160.297,-26.808,-23.0987,100
1.471,1.003,-160.269,-27.1013,-23.0907,100
1.473,1.003,-160.302,-26.6507,-23.024,100
1.473,0.998,-160.294,-26.784,-23.3173,100
1.473,1.002,-160.277,-26.784,-22.7493,100
1.48,0.997,-160.296,-26.3733,-23.3093,100
1.475,1.002,-160.289,-27.1333,-22.6827,100
1.478,1.003,-160.272,-26.624,-22.9573,100
1.472,1.002,-160.284,-27.176,-23.0827,100
1.476,0.998,-160.267,-26.5413,-23.2507,100
1.478,1.003,-160.289,-26.6907,-22.6907,100
1.478,1,-160.288,-26.824,-23.2,100
1.473,1.004,-160.267,-27.1173,-22.7653,100
1.473,1.002,-160.292,-26.784,-23.1493,100
1.469,1.002,-160.287,-27.0187,-23.016,100
1.477,1,-160.252,-26.2827,-23.1333,100
1.475,1.002,-160.296,-26.9333,-22.8827,100
1.476,0.998,-160.279,-26.7413,-23.2507,100
1.475,0.999,-160.26,-26.8667,-22.9253,100
1.48,1.003,-160.279,-26.5067,-22.7573,100
1.474,1.004,-160.271,-27.192,-22.9653,100
1.474,1.005,-160.249,-26.792,-22.9733,100
1.474,1.007,-160.297,-26.792,-22.9227,100
1.472,1.002,-160.252,-26.9093,-23.3493,100
1.475,1.004,-160.28,-26.6,-22.8987,100
1.475,0.998,-160.271,-26.8,-23.384,100
1.48,1.003,-160.258,-26.5067,-22.6907,100
1.48,1.001,-160.282,-26.84,-23.1413,100
1.474,1.002,-160.248,-27.192,-22.9493,100
1.473,1.008,-160.286,-26.8507,-22.664,100
1.473,1.004,-160.274,-26.784,-23.2987,100
1.472,1.007,-160.26,-26.8427,-22.856,100
1.476,1,-160.277,-26.5413,-23.4667,100
1.474,1.001,-160.269,-26.9253,-22.9413,100
1.482,1.003,-160.259,-26.3227,-22.8907,100
1.477,1.003,-160.266,-27.1493,-23.024,100
1.476,1.002,-160.241,-26.8747,-23.0827,100
1.476,1.007,-160.277,-26.808,-22.7227,100
1.47,1.004,-160.254,-27.16,-23.232,100
1.474,1.005,-160.251,-26.5253,-22.9733,100
1.474,1.002,-160.279,-26.792,-23.216,100
1.478,1,-160.239,-26.5573,-23.1333,100
1.479,1.005,-160.274,-26.7653,-22.7067,100
1.478,1.003,-160.247,-26.8907,-23.1573,100
1.477,1.009,-160.262,-26.8827,-22.672,100
1.476,1.005,-160.268,-26.8747,-23.3067,100
1.47,1.008,-160.238,-27.16,-22.864,100
1.475,1.004,-160.276,-26.4667,-23.2987,100
1.474,1.001,-160.262,-26.8587,-23.208,100
1.475,1.001,-160.25,-26.7333,-23.008,100
1.477,0.999,-160.255,-26.6827,-23.1253,100
1.47,1.003,-160.241,-27.2267,-22.7573,100
1.476,1.006,-160.252,-26.408,-22.848,100
1.472,1.008,-160.245,-27.0427,-22.9307,100
1.483,1.005,-160.234,-26.1307,-23.24,100
1.481,1.009,-160.267,-26.9813,-22.8053,100
1.48,1.007,-160.254,-26.9067,-23.1893,100
1.479,1.015,-160.238,-26.8987,-22.5867,100
1.481,1.011,-160.252,-26.7147,-23.3547,100
1.477,1.013,-160.241,-27.0827,-22.9707,100
1.49,1.017,-160.239,-26.0533,-22.8693,100
1.489,1.014,-160.241,-26.9787,-23.312,100
1.487,1.013,-160.221,-27.0293,-23.1707,100
1.494,1.025,-160.258,-26.4853,-22.4,100
1.49,1.029,-160.238,-27.1867,-22.9653,100
1.491,1.031,-160.237,-26.8613,-23.1147,100
1.489,1.03,-160.263,-27.0453,-23.3067,100
1.493,1.026,-160.227,-26.6773,-23.4747,100
1.494,1.03,-160.264,-26.8853,-22.9733,100
1.495,1.021,-160.226,-26.8933,-23.768,100
1.499,1.025,-160.244,-26.7253,-22.9333,100
1.491,1.02,-160.249,-27.4613,-23.4933,100
1.492,1.025,-160.216,-26.8693,-22.8667,100
1.493,1.028,-160.262,-26.8773,-23.024,100
1.499,1.025,-160.22,-26.592,-23.4,100
1.498,1.029,-160.225,-27.0507,-22.9653,100
1.499,1.034,-160.249,-26.9253,-22.9387,100
1.498,1.027,-160.241,-27.0507,-23.6827,100
1.494,1.036,-160.226,-27.2187,-22.688,100
1.504,1.032,-160.243,-26.3653,-23.5227,100
1.497,1.03,-160.225,-27.4427,-23.3733,100
1.498,1.027,-160.227,-26.9173,-23.416,100
1.495,1.029,-160.245,-27.16,-23.0987,100
1.49,1.027,-160.218,-27.2533,-23.3493,100
1.496,1.027,-160.234,-26.568,-23.216,100
1.492,1.025,-160.242,-27.2027,-23.3333,100
1.489,1.029,-160.226,-27.112,-22.9653,100
1.494,1.029,-160.236,-26.6187,-23.232,100
1.495,1.026,-160.223,-26.8933,-23.408,100
1.496,1.028,-160.214,-26.9013,-23.0907,100
1.503,1.029,-160.241,-26.5573,-23.1653,100
1.496,1.028,-160.218,-27.4347,-23.2907,100
1.497,1.028,-160.213,-26.9093,-23.224,100
1.49,1.027,-160.242,-27.3867,-23.2827,100
1.49,1.025,-160.21,-26.92,-23.3333,100
1.49,1.026,-160.244,-26.92,-23.1413,100
1.489,1.019,-160.212,-26.9787,-23.6187,100
1.499,1.027,-160.228,-26.3253,-22.6827,100
1.5,1.024,-160.243,-26.9333,-23.392,100
1.498,1.027,-160.202,-27.1173,-23.016,100
1.499,1.031,-160.25,-26.9253,-22.9813,100
1.507,1.03,-160.22,-26.5227,-23.3067,100
1.517,1.039,-160.247,-26.4693,-22.712,100
1.545,1.032,-160.248,-25.4933,-23.7227,100
1.586,1.047,-160.251,-24.9547,-22.376,100
1.758,1.116,-160.343,-17.5973,-19.328,100
2.066,1.268,-160.497,-10.9947,-15.0107,100
2.204,1.374,-160.536,-23.432,-18.9253,100
2.399,1.672,-160.404,-21.192,-8.50933,100
2.538,1.92,-160.307,-26.0373,-13.8267,100
2.578,1.98,-160.381,-32.9573,-26.84,100
2.711,1.98,-160.546,-27.8213,-30.84,100
2.99,1.875,-160.717,-20.32,-37,100
3.19,1.767,-160.823,-27.1867,-36.336,100
3.748,1.416,-161.044,-7.784,-49.728,100
4.498,0.873,-161.315,-0.984,-58.184,100
4.891,0.523,-161.434,-27.928,-42.5173,100
5.572,-0.321,-161.666,-14.176,-68.6914,100
5.916,-1.3,-161.903,-39.3947,-69.8302,100
5.929,-2.042,-162.064,-61.5653,-48.0482,100
5.766,-2.75,-162.257,-71.9947,-40.0557,100
5.301,-3.575,-162.367,-88.408,-41.1753,100
4.83,-4.052,-162.375,-85.04,-14.0681,100
4.488,-4.283,-162.342,-73.704,4.27627,100
4.13,-4.434,-162.286,-71.9067,10.9174,100
3.591,-4.49,-162.152,-79.6613,17.7997,100
3.239,-4.412,-162.049,-64.3787,26.2083,100
2.744,-4.101,-161.867,-69.952,39.3459,100
2.444,-3.78,-161.72,-54.552,37.5297,100
1.952,-2.859,-161.388,-63.416,70.226,100
1.605,-1.641,-161.025,-50.9733,80.3189,100
1.448,-0.953,-160.802,-37.0507,39.503,100
1.115,0.533,-160.368,-46.12,80.803,100
0.726,2.103,-159.901,-46.7413,73.7957,100
0.513,2.904,-159.705,-33.304,16.0557,100
0.093,4.512,-159.317,-43.744,56.8902,100
-0.314,6.115,-158.959,-39.6143,43.5953,100
-0.531,6.905,-158.776,-25.1997,-17.0801,100
-1.015,8.452,-158.422,-39.1048,20.8204,100
-1.501,10.008,-158.025,-35.3164,8.74721,100
-1.721,10.804,-157.826,-15.7843,-48.3653,100
-2.114,12.425,-157.42,-24.1261,-6.33333,100
-2.471,14.066,-157.077,-18.8145,-18.128,100
-2.655,14.859,-156.88,-5.74942,-81.0053,100
-3.046,16.377,-156.547,-16.3529,-44.816,100
-3.489,17.774,-156.22,-16.1971,-64.0587,100
-3.719,18.425,-156.095,-0.0733733,-100,100
-4.163,19.645,-155.872,-10.6944,-90.8267,100
-4.529,20.715,-155.731,-2.46447,-100,100
-4.686,21.169,-155.67,12.8303,-100,100
-4.949,21.876,-155.599,7.97898,-100,100
-5.163,22.308,-155.562,13.0738,-100,100
-5.256,22.417,-155.556,22.0027,-100,100
-5.392,22.442,-155.577,20.3454,-100,100
-5.472,22.201,-155.614,24.8419,-100,100
-5.471,21.992,-155.654,30.3569,-100,100
-5.388,21.4,-155.736,35.2808,-100,100
-5.206,20.6,-155.807,40.542,-100,100
-5.081,20.133,-155.838,35.8563,-100,100
-4.772,19.071,-155.874,45.7583,-100,100
-4.368,17.907,-155.974,48.958,-100,100
-4.147,17.298,-156.005,35.0833,-100,100
-3.673,16.044,-156.118,48.2406,-100,100
-3.177,14.786,-156.303,45.8107,-100,100
-2.944,14.157,-156.381,26.4796,-100,100
-2.47,12.912,-156.619,38.8099,-100,100
-2.005,11.677,-156.901,34.535,-100,100
-1.791,11.069,-157.025,16.1299,-100,100
-1.402,9.873,-157.341,24.7162,-100,100
-1.069,8.707,-157.688,18.3429,-100,100
-0.926,8.141,-157.864,4.55304,-100,100
-0.655,7.056,-158.275,10.9331,-100,100
-0.412,6.018,-158.723,7.13172,-100,100
-0.296,5.506,-158.958,-2.25629,-93.1813,100
-0.055,4.514,-159.456,4.15028,-100,100
0.181,3.539,-159.969,1.92488,-100,100
0.298,3.064,-160.231,-6.95116,-71.1787,100
0.527,2.132,-160.742,-1.32835,-94.1893,100
0.762,1.226,-161.235,-2.8255,-85.208,100
0.884,0.79,-161.465,-11.3547,-50.3867,100
1.143,-0.062,-161.922,-4.31911,-71.3026,100
1.42,-0.887,-162.393,-5.36706,-62.8826,100
1.562,-1.304,-162.61,-15.5382,-32.3173,100
1.843,-2.149,-163.033,-8.561,-54.0423,100
2.092,-3.034,-163.455,-12.7334,-49.5607,100
2.202,-3.496,-163.662,-22.9296,-17.586,100
2.394,-4.452,-164.05,-19.0528,-42.7712,100
2.553,-5.448,-164.398,-22.5823,-37.3473,100
2.622,-5.959,-164.579,-29.1933,-0.791869,100
2.746,-6.99,-164.917,-26.5804,-27.0533,100
2.835,-8.021,-165.227,-29.6895,-18.6248,100
2.861,-8.532,-165.385,-34.1619,20.3218,100
2.898,-9.52,-165.688,-33.7897,-3.35995,100
2.924,-10.43,-165.977,-34.7969,9.35472,100
2.948,-11.052,-166.179,-35.1885,33.7794,100
2.966,-11.426,-166.307,-35.7993,53.5618,100
2.984,-11.771,-166.441,-36.0104,58.52,100
3.035,-12.355,-166.685,-34.2867,47.5366,100
3.083,-12.79,-166.872,-34.9401,61.2378,100
3.097,-12.949,-166.959,-37.3884,81.2011,100
3.121,-13.145,-167.096,-36.984,80.5982,100
3.148,-13.154,-167.206,-37.0708,93.4328,100
3.157,-12.969,-167.28,-38.4138,100,100
3.17,-12.722,-167.301,-38.3225,100,100
3.167,-12.508,-167.326,-39.4364,100,100
3.166,-12.253,-167.335,-39.3663,100,100
3.142,-11.652,-167.334,-40.7783,100,100
3.092,-10.913,-167.335,-42.1812,100,100
3.058,-10.496,-167.313,-40.9114,100,100
2.975,-9.574,-167.322,-43.581,100,100
2.901,-8.555,-167.311,-42.4543,100,100
2.857,-8.018,-167.329,-40.1665,91.2122,100
2.767,-6.908,-167.327,-42.5755,100,100
2.657,-5.765,-167.315,-43.0886,100,100
2.591,-5.185,-167.312,-39.6855,71.8167,100
2.434,-4.024,-167.275,-44.551,100,100
2.254,-2.858,-167.246,-44.695,92.4222,100
2.164,-2.278,-167.244,-38.0237,48.7668,100
1.982,-1.147,-167.231,-42.7456,76.4779,100
1.812,-0.055,-167.262,-40.6264,65.1431,100
1.74,0.464,-167.269,-33.5562,22.7807,100
1.606,1.428,-167.305,-36.6537,44.7032,100
1.486,2.312,-167.349,-34.7938,32.2459,100
1.436,2.716,-167.378,-29.7594,-3.04723,100
1.362,3.45,-167.454,-30.7981,13.0031,100
1.334,4.095,-167.547,-27.5374,1.81767,100
1.342,4.37,-167.603,-25.2027,-25.1473,100
1.383,4.832,-167.7,-23.3307,-16.4854,100
1.459,5.187,-167.801,-21.6053,-26.5754,100
1.514,5.324,-167.857,-23.4453,-42.3245,100
1.651,5.523,-167.97,-19.0747,-39.9075,100
1.829,5.617,-168.082,-17.7653,-47.7859,100
1.927,5.618,-168.121,-23.8827,-54.1203,100
2.138,5.558,-168.21,-18.0373,-57.832,100
2.361,5.408,-168.315,-19.0213,-62.7537,100
2.465,5.306,-168.341,-27.7867,-58.857,100
2.656,5.067,-168.433,-23.5147,-66.1924,100
2.782,4.801,-168.485,-28.856,-65.9724,100
2.817,4.67,-168.525,-35.2027,-56.0295,100
2.813,4.436,-168.553,-37.7707,-61.124,100
2.728,4.27,-168.577,-42.4907,-55.3587,100
2.658,4.215,-168.596,-40.9307,-47.6135,100
2.463,4.179,-168.621,-47.704,-46.1529,100
2.209,4.238,-168.669,-49.6053,-40.3869,100
2.064,4.298,-168.663,-41.1787,-40.897,100
1.75,4.488,-168.666,-49.9333,-33.8513,100
1.429,4.742,-168.616,-47.832,-31.7233,100
1.279,4.89,-168.598,-35.232,-40.084,100
1.023,5.192,-168.538,-40.2507,-32.3501,100
0.831,5.493,-168.462,-34.448,-34.9484,100
0.756,5.623,-168.422,-26.048,-47.5149,100
0.627,5.853,-168.31,-28.616,-42.8199,100
0.494,5.999,-168.206,-27.8187,-49.7229,100
0.362,6.048,-168.11,-26.696,-56.7177,100
0.192,6.051,-168.012,-27.8693,-59.9445,100
-0.088,5.964,-167.86,-32.9607,-65.3827,100
-0.315,5.853,-167.764,-27.6043,-66.2264,100
-0.553,5.698,-167.67,-26.4212,-68.0479,100
-0.829,5.452,-167.555,-26.7278,-72.2692,100
-0.953,5.308,-167.511,-15.5811,-64.4367,100
-1.169,4.997,-167.389,-19.9601,-73.1944,100
-1.349,4.653,-167.313,-16.0897,-72.7471,100
-1.48,4.361,-167.273,-11.7418,-67.0426,100
-1.603,4.059,-167.236,-10.1884,-65.3846,100
-1.756,3.627,-167.223,-10.9249,-70.6769,100
-1.818,3.41,-167.215,-4.32129,-54.6842,100
-1.896,2.988,-167.223,-4.7213,-65.0421,100
-1.905,2.575,-167.238,-0.006435,-61.1961,100
-1.873,2.281,-167.249,2.51304,-50.9621,100
-1.837,2.087,-167.272,2.53304,-42.7904,100
-1.789,1.893,-167.276,2.98929,-41.281,100
-1.713,1.61,-167.287,4.2865,-44.9865,100
-1.685,1.516,-167.283,0.900414,-31.6686,100
-1.559,1.164,-167.315,6.46083,-46.0788,100
-1.489,0.999,-167.311,2.20099,-32.3146,100
-1.351,0.675,-167.317,5.66073,-40.3378,100
-1.193,0.367,-167.335,5.7569,-36.8154,100
-1.102,0.226,-167.333,0.587029,-24.5592,100
-0.894,-0.034,-167.349,6.74314,-30.4117,100
-0.648,-0.242,-167.399,7.32306,-25.2756,100
-0.516,-0.324,-167.425,-1.32133,-16.2123,100
-0.266,-0.46,-167.481,4.55132,-18.714,100
-0.046,-0.557,-167.534,0.792354,-15.3254,100
0.042,-0.592,-167.552,-8.71259,-10.8988,100
0.168,-0.63,-167.547,-7.19104,-10.7806,100
0.225,-0.617,-167.534,-12.2521,-7.47073,100
0.229,-0.601,-167.538,-15.8226,-7.38521,100
0.222,-0.551,-167.518,-16.5049,-5.50614,100
0.212,-0.509,-167.521,-16.6297,-6.36402,100
0.21,-0.424,-167.531,-16.0851,-4.16782,100
0.218,-0.37,-167.55,-15.4873,-6.65816,100
0.273,-0.263,-167.563,-12.8001,-3.97491,100
0.379,-0.192,-167.638,-10.2567,-6.93859,100
0.446,-0.171,-167.673,-13.4027,-10.4361,100
0.601,-0.153,-167.762,-8.78954,-10.7766,100
0.771,-0.165,-167.902,-9.16689,-12.6769,100
0.865,-0.174,-167.957,-15.005,-12.401,100
1.077,-0.198,-168.109,-8.85858,-13.2045,100
1.311,-0.217,-168.259,-9.29341,-12.7143,100
1.423,-0.225,-168.315,-18.3548,-11.9119,100
1.621,-0.214,-168.425,-14.2419,-10.7285,100
1.762,-0.174,-168.496,-19.2095,-9.11121,100
1.874,-0.145,-168.52,-22.081,-10.0733,100
2.43,-0.065,-168.535,3.01628,-7.31181,100
2.948,-0.012,-168.644,-3.72739,-9.53554,100
3.096,-0.03,-168.651,-29.6477,-14.1242,100
3.255,-0.122,-168.73,-30.2596,-18.3188,100
3.415,-0.217,-168.858,-31.5498,-17.7539,100
3.478,-0.258,-168.94,-38.5987,-13.8201,100
3.436,-0.241,-169.005,-45.288,-10.084,100
3.37,-0.144,-168.987,-46.36,-5.52344,100
3.348,-0.081,-168.969,-43.2507,-8.29229,100
3.335,0.065,-168.85,-42.5467,-3.92841,100
3.379,0.223,-168.695,-39.0987,-4.39743,100
3.36,0.376,-168.532,-43.1467,-5.96323,100
3.315,0.519,-168.376,-44.52,-7.78557,100
3.28,0.705,-168.23,-43.5733,-6.42277,100
3.246,0.837,-168.178,-43.2347,-11.0976,100
3.224,0.937,-168.152,-42.2587,-14.052,100
3.207,1.04,-168.125,-41.7893,-14.6994,100
3.173,1.264,-168.114,-42.6507,-8.45319,100
3.116,1.491,-168.108,-43.728,-10.1027,100
3.078,1.618,-168.098,-42.1573,-17.8218,100
2.982,1.911,-168.078,-45.256,-9.14214,100
2.884,2.299,-167.984,-44.6053,-5.96453,100
2.868,2.506,-167.96,-39.0107,-19.7436,100
2.891,2.638,-167.874,-36.5947,-25.8589,100
2.731,2.409,-167.872,-47.5147,-48.1478,100
2.472,2.124,-167.724,-52.0427,-49.6489,100
2.283,1.871,-167.663,-45.864,-45.5337,100
2.175,1.698,-167.612,-39.6,-38.8546,100
2.083,1.509,-167.571,-37.7973,-38.4432,100
1.962,1.163,-167.441,-38.7627,-46.168,100
1.794,1.052,-167.451,-40.552,-29.637,100
1.732,1.073,-167.438,-32.9893,-21.0292,100
1.7,1.084,-167.455,-30.7333,-21.8082,100
1.635,1.048,-167.575,-32.4133,-24.6771,100
1.598,1.026,-167.582,-30.2507,-23.5909,100
1.545,1.024,-167.588,-30.8933,-22.2646,100
1.566,1.044,-167.565,-26.128,-20.9814,100
1.589,1.039,-167.585,-26.1787,-22.6315,100
1.59,1.041,-167.595,-27.6533,-22.2042,100
1.564,1.036,-167.587,-29.2453,-22.6542,100
1.552,1.027,-167.592,-28.216,-22.872,100
1.55,1.024,-167.573,-27.5333,-22.471,100
1.558,1.023,-167.599,-26.9307,-22.3527,100
1.553,1.024,-167.593,-27.7573,-22.2504,100
1.552,1.025,-167.581,-27.4827,-22.2815,100
1.558,1.031,-167.594,-27.064,-22.0193,100
1.562,1.033,-167.584,-27.2293,-22.3252,100
1.569,1.036,-167.61,-27.0853,-22.3059,100
1.562,1.034,-167.596,-27.9627,-22.6465,100
1.566,1.034,-167.585,-27.2613,-22.5364,100
1.562,1.028,-167.618,-27.7627,-22.9115,100
1.555,1.022,-167.584,-27.9067,-22.8865,100
1.553,1.026,-167.606,-27.5573,-22.275,100
1.548,1.021,-167.59,-27.7173,-22.8579,100
1.555,1.028,-167.597,-26.9733,-22.1371,100
1.553,1.025,-167.618,-27.5573,-22.8028,100
1.555,1.031,-167.589,-27.3067,-22.274,100
1.561,1.035,-167.636,-27.088,-22.4626,100
1.558,1.036,-167.604,-27.664,-22.6939,100
1.563,1.036,-167.62,-27.1707,-22.7839,100
1.556,1.03,-167.621,-27.9147,-23.1591,100
1.551,1.028,-167.6,-27.7413,-22.8995,100
1.553,1.024,-167.605,-27.2907,-23.0239,100
1.549,1.022,-167.633,-27.6587,-22.8976,100
1.547,1.018,-167.588,-27.5093,-23.0218,100
1.546,1.025,-167.634,-27.4347,-22.3675,100
1.545,1.022,-167.616,-27.4267,-23.0332,100
1.549,1.031,-167.615,-27.1253,-22.3284,100
1.55,1.029,-167.642,-27.3333,-23.0689,100
1.549,1.032,-167.621,-27.4587,-22.7828,100
1.552,1.03,-167.643,-27.216,-23.1233,100
1.55,1.026,-167.622,-27.5333,-23.2477,100
1.549,1.023,-167.62,-27.4587,-23.18,100
1.548,1.023,-167.641,-27.4507,-23.0031,100
1.542,1.023,-167.621,-27.736,-23.0261,100
1.546,1.02,-167.626,-27.1013,-23.225,100
1.542,1.019,-167.648,-27.6027,-23.1066,100
1.545,1.017,-167.635,-27.16,-23.1802,100
1.546,1.02,-167.669,-27.3013,-22.8938,100
1.546,1.017,-167.643,-27.368,-23.2927,100
1.552,1.023,-167.667,-27.016,-22.7637,100
1.547,1.022,-167.675,-27.7093,-23.2427,100
1.54,1.022,-167.639,-27.7867,-23.176,100
1.539,1.02,-167.683,-27.3787,-23.2933,100
1.543,1.018,-167.658,-27.0773,-23.2773,100
1.533,1.008,-167.673,-27.9307,-23.7307,100
1.499,0.985,-167.674,-29.2587,-24.4133,100
1.502,0.995,-167.66,-26.816,-22.2933,100
1.538,1.01,-167.686,-24.904,-22.08,100
1.524,1.007,-167.673,-28.1253,-23.256,100
1.517,1.003,-167.695,-27.6027,-23.2907,100
1.52,1.006,-167.699,-26.96,-22.848,100
1.526,1.006,-167.692,-26.808,-23.048,100
1.523,1.005,-167.708,-27.384,-23.1067,100
1.514,1.003,-167.709,-27.712,-23.1573,100
1.513,0.999,-167.685,-27.1707,-23.2587,100
1.52,0.995,-167.703,-26.6933,-23.2267,100
1.521,0.996,-167.709,-27.1013,-22.9013,100
1.518,0.994,-167.689,-27.344,-23.0853,100
1.521,0.99,-167.715,-26.968,-23.1867,100
1.519,0.984,-167.714,-27.2853,-23.272,100
1.522,0.988,-167.702,-26.976,-22.6373,100
1.524,0.991,-167.712,-27.0587,-22.728,100
1.518,0.994,-167.731,-27.544,-22.752,100
1.52,1.001,-167.729,-27.0267,-22.5413,100
1.524,1.002,-167.744,-26.9253,-22.9493,100
1.524,0.997,-167.722,-27.192,-23.3093,100
1.529,0.993,-167.74,-26.8987,-23.2107,100
1.524,0.988,-167.749,-27.5253,-23.2373,100
1.524,0.99,-167.714,-27.192,-22.7867,100
1.521,0.992,-167.754,-27.368,-22.8027,100
1.52,0.99,-167.728,-27.2267,-23.0533,100
1.527,0.997,-167.755,-26.7493,-22.5093,100
1.528,0.997,-167.759,-27.1573,-22.976,100
1.532,0.999,-167.74,-26.9893,-22.8587,100
1.535,0.998,-167.782,-27.08,-23.0507,100
1.531,0.995,-167.739,-27.5147,-23.16,100
1.528,1,-167.762,-27.424,-22.6667,100
1.526,0.993,-167.764,-27.3413,-23.4107,100
1.526,0.996,-167.755,-27.208,-22.768,100
1.528,0.993,-167.775,-27.0907,-23.144,100
1.525,0.991,-167.766,-27.4,-23.0613,100
1.531,0.995,-167.794,-26.848,-22.6933,100
1.531,0.993,-167.797,-27.248,-23.0773,100
1.527,1,-167.775,-27.4827,-22.5333,100
1.53,1,-167.8,-27.04,-23,100
1.525,1.002,-167.798,-27.5333,-22.8827,100
1.53,1,-167.783,-26.9067,-23.1333,100
1.527,0.996,-167.802,-27.416,-23.2347,100
1.53,0.993,-167.777,-27.04,-23.144,100
1.532,0.994,-167.817,-27.1227,-22.8853,100
1.524,0.993,-167.796,-27.7253,-23.0107,100
1.531,0.995,-167.801,-26.7813,-22.8267,100
1.525,0.999,-167.83,-27.6,-22.7253,100
1.529,1,-167.793,-26.9653,-22.9333,100
1.532,1,-167.843,-27.056,-23,100
1.531,0.997,-167.816,-27.3147,-23.176,100
1.535,1.001,-167.833,-27.0133,-22.7413,100
1.53,1.002,-167.843,-27.5733,-22.9493,100
1.528,1.002,-167.826,-27.3573,-23.016,100
1.531,1,-167.813,-27.048,-23.1333,100
1.528,0.998,-167.86,-27.424,-23.1173,100
1.53,0.994,-167.821,-27.1067,-23.2187,100
1.531,0.998,-167.85,-27.1813,-22.7173,100
1.526,0.996,-167.843,-27.5413,-23.1013,100
1.533,0.995,-167.857,-26.7973,-23.0267,100
1.529,0.997,-167.854,-27.4987,-22.8427,100
1.532,0.999,-167.849,-27.056,-22.8587,100
1.532,1.001,-167.887,-27.256,-22.8747,100
1.532,0.997,-167.872,-27.256,-23.2427,100
1.532,0.999,-167.866,-27.256,-22.8587,100
1.529,0.999,-167.882,-27.432,-22.992,100
1.526,1.002,-167.869,-27.408,-22.816,100
1.531,0.999,-167.881,-26.9147,-23.192,100
1.527,0.996,-167.871,-27.4827,-23.168,100
1.529,0.995,-167.863,-27.0987,-23.0267,100
1.532,0.994,-167.905,-27.056,-23.0187,100
1.529,0.995,-167.886,-27.432,-22.8933,100
1.534,0.996,-167.891,-26.9387,-22.9013,100
1.529,1,-167.915,-27.5653,-22.7333,100
1.532,1,-167.891,-27.056,-23,100
1.529,1.002,-167.93,-27.432,-22.8827,100
1.528,0.995,-167.893,-27.2907,-23.4267,100
1.532,0.996,-167.922,-26.9893,-22.9013,100
1.529,0.99,-167.926,-27.432,-23.32,100
1.53,0.993,-167.9,-27.1733,-22.744,100
1.529,0.998,-167.946,-27.2987,-22.6507,100
1.528,0.997,-167.917,-27.2907,-23.0427,100
1.528,1.002,-167.936,-27.224,-22.6827,100
1.528,0.996,-167.926,-27.224,-23.368,100
1.528,1,-167.92,-27.224,-22.7333,100
1.532,0.995,-167.946,-26.9893,-23.2933,100
1.53,0.994,-167.915,-27.3733,-23.0187,100
1.532,0.994,-167.921,-27.1227,-22.952,100
1.529,0.996,-167.945,-27.432,-22.8347,100
1.526,1.001,-167.932,-27.408,-22.6747,100
1.529,1,-167.947,-27.032,-23.0667,100
1.524,0.997,-167.941,-27.5253,-23.176,100
1.531,0.996,-167.949,-26.7813,-23.0347,100
1.529,0.996,-167.975,-27.3653,-22.968,100
1.529,0.994,-167.932,-27.232,-23.0853,100
1.531,1,-167.973,-27.1147,-22.6,100
1.528,0.997,-167.956,-27.424,-23.176,100
1.53,1.001,-167.953,-27.1067,-22.7413,100
1.524,0.998,-167.983,-27.592,-23.184,100
1.525,0.996,-167.951,-27.1333,-23.1013,100
1.527,0.997,-167.995,-27.0827,-22.9093,100
1.525,0.989,-167.959,-27.3333,-23.4453,100
1.524,0.995,-167.974,-27.2587,-22.56,100
1.525,0.994,-167.994,-27.1333,-23.0187,100
1.523,1,-167.967,-27.3173,-22.6,100
1.527,1,-167.99,-26.9493,-23,100
1.524,0.998,-167.99,-27.392,-23.1173,100
1.527,0.999,-168.008,-27.016,-22.9253,100
1.529,0.996,-168.015,-27.0987,-23.168,100
1.524,0.994,-167.995,-27.5253,-23.0853,100
1.526,0.994,-168.018,-27.0747,-22.952,100
1.521,0.994,-168.01,-27.5013,-22.952,100
1.523,0.996,-167.993,-27.0507,-22.8347,100
1.522,0.995,-168.027,-27.2427,-23.0267,100
1.52,0.993,-168.005,-27.2933,-23.0773,100
1.523,0.999,-168.02,-26.984,-22.592,100
1.525,0.997,-168.031,-27.0667,-23.1093,100
1.519,0.999,-168.013,-27.552,-22.8587,100
1.524,0.997,-168.042,-26.8587,-23.1093,100
1.523,0.996,-168.049,-27.2507,-23.0347,100
1.524,0.994,-168.019,-27.1253,-23.0853,100
1.527,0.993,-168.046,-27.016,-23.0107,100
1.521,0.992,-168.034,-27.568,-23.0027,100
1.525,0.996,-168.038,-26.9333,-22.7013,100
1.52,0.998,-168.05,-27.4933,-22.8507,100
1.523,0.999,-168.023,-26.984,-22.9253,100
1.527,0.998,-168.074,-26.9493,-23.0507,100
1.524,0.996,-168.041,-27.392,-23.1013,100
1.528,0.999,-168.055,-26.9573,-22.792,100
1.526,0.997,-168.07,-27.3413,-23.1093,100
1.526,1,-168.038,-27.208,-22.8,100
1.525,1,-168.072,-27.2667,-23,100
1.522,0.997,-168.049,-27.376,-23.176,100
1.526,1.001,-168.083,-26.9413,-22.7413,100
1.527,0.996,-168.08,-27.1493,-23.3013,100
1.525,0.997,-168.064,-27.3333,-22.9093,100
1.528,0.995,-168.096,-27.024,-23.0933,100
1.525,0.997,-168.09,-27.4,-22.8427,100
1.526,1,-168.076,-27.1413,-22.8,100
1.525,0.999,-168.087,-27.2667,-23.0587,100
1.522,0.998,-168.073,-27.376,-23.0507,100
1.529,0.999,-168.096,-26.7653,-22.9253,100
1.525,0.997,-168.088,-27.4667,-23.1093,100
1.529,0.996,-168.074,-26.9653,-23.0347,100
1.527,0.997,-168.122,-27.3493,-22.9093,100
1.525,0.999,-168.09,-27.3333,-22.8587,100
1.527,1.004,-168.116,-27.0827,-22.6987,100
1.522,0.999,-168.111,-27.5093,-23.3253,100
1.528,1.002,-168.104,-26.824,-22.816,100
1.527,0.999,-168.134,-27.2827,-23.192,100
1.528,0.998,-168.102,-27.1573,-23.0507,100
1.529,1.002,-168.144,-27.1653,-22.7493,100
1.523,0.997,-168.121,-27.584,-23.3093,100
1.523,1.003,-168.121,-27.184,-22.624,100
1.523,1,-168.148,-27.184,-23.2,100
1.526,0.997,-168.122,-27.008,-23.176,100
1.527,0.999,-168.144,-27.1493,-22.8587,100
1.527,0.997,-168.138,-27.216,-23.1093,100
1.525,1.004,-168.139,-27.3333,-22.5653,100
1.531,0.998,-168.161,-26.848,-23.384,100
1.523,1.001,-168.143,-27.7173,-22.808,100
1.529,0.998,-168.157,-26.832,-23.184,100
1.524,1.002,-168.176,-27.5253,-22.7493,100
1.526,0.999,-168.147,-27.0747,-23.192,100
1.528,1.002,-168.183,-27.0907,-22.816,100
1.526,0.995,-168.159,-27.3413,-23.4267,100
1.53,0.998,-168.17,-26.9733,-22.784,100
1.525,1.001,-168.19,-27.5333,-22.808,100
1.528,1.002,-168.15,-27.024,-22.9493,100
1.527,1.006,-168.205,-27.2827,-22.7813,100
1.529,0.998,-168.163,-27.0987,-23.5173,100
1.527,1.003,-168.176,-27.3493,-22.6907,100
1.529,1.006,-168.195,-27.0987,-22.848,100
1.523,1.003,-168.191,-27.584,-23.224,100
1.529,1.004,-168.188,-26.832,-22.9653,100
1.526,1.004,-168.22,-27.408,-23.032,100
1.525,1,-168.182,-27.2667,-23.2667,100
1.524,1.003,-168.184,-27.2587,-22.824,100
1.528,1.002,-168.222,-26.9573,-23.0827,100
1.528,0.996,-168.207,-27.224,-23.368,100
1.526,1.002,-168.203,-27.3413,-22.616,100
1.523,1.004,-168.231,-27.384,-22.8987,100
1.523,1.006,-168.206,-27.184,-22.9147,100
1.528,1.006,-168.232,-26.8907,-23.048,100
1.526,1,-168.214,-27.3413,-23.4,100
1.525,1.002,-168.212,-27.2667,-22.8827,100
1.53,1,-168.241,-26.9067,-23.1333,100
1.526,1.001,-168.218,-27.4747,-22.9413,100
1.529,1.001,-168.222,-27.032,-23.008,100
1.525,1.004,-168.25,-27.4667,-22.832,100
1.525,1.006,-168.234,-27.2,-22.9147,100
1.528,1.007,-168.264,-27.024,-22.9893,100
1.522,1,-168.242,-27.576,-23.4667,100
1.528,1.001,-168.253,-26.824,-22.9413,100
1.524,0.998,-168.273,-27.4587,-23.184,100
1.526,1.001,-168.228,-27.0747,-22.808,100
1.525,1.006,-168.281,-27.2667,-22.7147,100
1.523,1.004,-168.249,-27.3173,-23.1653,100
1.527,1.008,-168.266,-26.9493,-22.7973,100
1.524,1,-168.273,-27.392,-23.5333,100
1.523,1.002,-168.257,-27.2507,-22.8827,100
1.527,1,-168.289,-26.9493,-23.1333,100
1.524,1.001,-168.254,-27.392,-22.9413,100
1.523,1.003,-168.264,-27.2507,-22.8907,100
1.523,1.003,-168.286,-27.184,-23.024,100
1.522,1.007,-168.273,-27.2427,-22.7893,100
1.527,1.005,-168.282,-26.8827,-23.1733,100
1.52,1.001,-168.292,-27.6267,-23.2747,100
1.525,1.002,-168.289,-26.8667,-22.9493,100
1.527,1.003,-168.317,-27.0827,-22.9573,100
1.521,1.001,-168.279,-27.568,-23.1413,100
1.525,1.005,-168.307,-26.9333,-22.7733,100
1.522,1.004,-168.309,-27.376,-23.0987,100
1.523,1.006,-168.283,-27.1173,-22.9147,100
1.52,1.003,-168.329,-27.36,-23.224,100
1.521,1.001,-168.295,-27.1013,-23.1413,100
1.525,1.005,-168.326,-26.9333,-22.7733,100
1.521,1.001,-168.31,-27.4347,-23.2747,100
1.521,1.005,-168.307,-27.168,-22.7733,100
1.522,1.005,-168.334,-27.1093,-23.04,100
1.52,1.006,-168.3,-27.2933,-22.9813,100
1.522,1.004,-168.314,-27.0427,-23.1653,100
1.521,1,-168.334,-27.2347,-23.2667,100
1.522,1.004,-168.333,-27.1093,-22.7653,100
1.526,1.003,-168.345,-26.9413,-23.0907,100
1.522,1.003,-168.336,-27.4427,-23.024,100
1.524,1.005,-168.349,-27.0587,-22.9067,100
1.523,1,-168.355,-27.2507,-23.3333,100
1.523,0.999,-168.325,-27.184,-23.0587,100
1.525,1.002,-168.347,-27.0667,-22.816,100
1.522,1.003,-168.363,-27.376,-22.9573,100
1.52,1.003,-168.349,-27.2933,-23.024,100
1.522,1.006,-168.346,-27.0427,-22.848,100
1.523,1.006,-168.36,-27.1173,-23.048,100
1.518,1.005,-168.36,-27.4773,-23.1067,100
1.52,1.004,-168.373,-27.0267,-23.0987,100
1.522,1.002,-168.389,-27.0427,-23.1493,100
1.522,1.002,-168.363,-27.176,-23.016,100
1.528,1.004,-168.386,-26.824,-22.8987,100
1.521,1.004,-168.39,-27.6347,-23.032,100
1.522,1.005,-168.363,-27.1093,-22.9733,100
1.52,1.006,-168.403,-27.2933,-22.9813,100
1.518,1.004,-168.369,-27.2773,-23.1653,100
1.521,1.004,-168.404,-26.968,-23.032,100
1.52,1,-168.387,-27.2267,-23.2667,100
1.524,1.001,-168.38,-26.9253,-22.9413,100
1.524,1.005,-168.419,-27.192,-22.7733,100
1.523,1.006,-168.371,-27.2507,-22.9813,100
1.521,1.009,-168.402,-27.3013,-22.872,100
1.52,1.006,-168.399,-27.2267,-23.248,100
1.521,1.006,-168.405,-27.1013,-23.048,100
1.523,1.003,-168.416,-27.0507,-23.224,100
1.52,1.001,-168.4,-27.36,-23.1413,100
1.525,1.004,-168.43,-26.8667,-22.832,100
1.524,1.003,-168.433,-27.2587,-23.0907,100
1.519,1.004,-168.408,-27.4853,-22.9653,100
1.519,1.003,-168.428,-27.152,-23.0907,100
1.514,1.003,-168.422,-27.4453,-23.024,100
1.521,1.003,-168.421,-26.7013,-23.024,100
1.518,1,-168.434,-27.344,-23.2,100
1.518,1.005,-168.416,-27.144,-22.7067,100
1.525,1.004,-168.454,-26.7333,-23.0987,100
1.519,1.004,-168.427,-27.552,-23.032,100
1.522,1.007,-168.432,-26.976,-22.856,100
1.515,1.005,-168.457,-27.5867,-23.1733,100
1.516,1.004,-168.419,-27.0613,-23.0987,100
1.52,1.007,-168.469,-26.8933,-22.856,100
1.519,0.998,-168.434,-27.2187,-23.584,100
1.522,1.002,-168.46,-26.976,-22.7493,100
1.514,1,-168.461,-27.6453,-23.1333,100
1.519,1.005,-168.445,-26.8187,-22.7067,100
1.515,1.006,-168.483,-27.3867,-22.9813,100
1.518,1.001,-168.453,-26.944,-23.3413,100
1.513,1.003,-168.463,-27.4373,-22.8907,100
1.516,1,-168.474,-26.928,-23.2,100
1.513,1.007,-168.464,-27.304,-22.5893,100
1.515,1.006,-168.472,-26.9867,-23.1147,100
1.514,1.003,-168.491,-27.1787,-23.224,100
1.517,1.003,-168.473,-26.936,-23.024,100
1.517,1.001,-168.468,-27.136,-23.1413,100
1.519,1.003,-168.507,-27.0187,-22.8907,100
1.521,1,-168.492,-27.0347,-23.2,100
1.519,1.005,-168.486,-27.2853,-22.7067,100
1.519,1.002,-168.499,-27.152,-23.216,100
1.516,1.005,-168.489,-27.328,-22.84,100
1.518,1.003,-168.5,-27.0107,-23.1573,100
1.514,1,-168.489,-27.3787,-23.2,100
1.516,0.999,-168.477,-26.9947,-23.0587,100
1.52,0.998,-168.518,-26.8933,-23.0507,100
1.518,1.002,-168.5,-27.2773,-22.7493,100
1.522,1.003,-168.505,-26.9093,-22.9573,100
1.516,1.002,-168.526,-27.528,-23.0827,100
1.518,1.003,-168.501,-27.0107,-22.9573,100
1.515,1.007,-168.538,-27.32,-22.7893,100
1.514,0.999,-168.504,-27.1787,-23.5253,100
1.52,1.003,-168.531,-26.76,-22.7573,100
1.514,1.004,-168.533,-27.512,-22.9653,100
1.522,1.003,-168.51,-26.6427,-23.0907,100
1.519,1.006,-168.556,-27.352,-22.848,100
1.518,1,-168.514,-27.2107,-23.4,100
1.519,1.001,-168.526,-27.0853,-22.9413,100
1.523,1.004,-168.555,-26.9173,-22.832,100
1.516,1,-168.538,-27.5947,-23.2667,100
1.52,1.003,-168.534,-26.8933,-22.824,100
1.521,1.004,-168.543,-27.1013,-22.9653,100
1.517,1.004,-168.565,-27.4027,-23.032,100
1.52,1,-168.533,-26.96,-23.2667,100
1.523,0.999,-168.528,-26.984,-23.0587,100
1.517,1.002,-168.575,-27.536,-22.816,100
1.517,0.998,-168.547,-27.136,-23.2507,100
1.522,1.002,-168.559,-26.8427,-22.7493,100
1.52,0.999,-168.567,-27.2933,-23.192,100
1.519,1.002,-168.551,-27.2187,-22.816,100
1.52,1.002,-168.573,-27.0933,-23.016,100
1.517,1.002,-168.545,-27.336,-23.016,100
1.517,1.002,-168.549,-27.136,-23.016,100
1.519,0.999,-168.575,-27.0187,-23.192,100
1.519,0.998,-168.562,-27.152,-23.0507,100
1.525,0.999,-168.569,-26.8,-22.9253,100
1.521,0.999,-168.583,-27.4347,-22.992,100
1.522,1.001,-168.576,-27.1093,-22.8747,100
1.522,1.002,-168.605,-27.176,-22.9493,100
1.516,1,-168.568,-27.528,-23.1333,100
1.521,1.001,-168.592,-26.8347,-22.9413,100
1.517,0.996,-168.596,-27.4027,-23.3013,100
1.521,0.997,-168.571,-26.9013,-22.9093,100
1.523,0.998,-168.616,-27.0507,-22.9173,100
1.522,0.996,-168.584,-27.2427,-23.1013,100
1.522,1.002,-168.609,-27.176,-22.616,100
1.518,0.999,-168.599,-27.4107,-23.192,100
1.516,1.004,-168.594,-27.2613,-22.6987,100
1.519,0.998,-168.622,-26.952,-23.384,100
1.519,0.997,-168.588,-27.152,-23.0427,100
1.522,0.996,-168.598,-26.976,-23.0347,100
1.523,0.995,-168.622,-27.1173,-23.0267,100
1.521,1.002,-168.612,-27.3013,-22.5493,100
1.523,1.002,-168.624,-27.0507,-23.016,100
1.515,1.002,-168.618,-27.6533,-23.016,100
1.518,1,-168.622,-26.944,-23.1333,100
1.521,1,-168.639,-26.968,-23,100
1.519,0.997,-168.605,-27.2853,-23.176,100
1.523,0.999,-168.643,-26.9173,-22.8587,100
1.513,1.001,-168.623,-27.7707,-22.8747,100
1.524,1.004,-168.622,-26.4587,-22.832,100
1.517,1.004,-168.651,-27.6027,-23.032,100
1.521,0.998,-168.611,-26.9013,-23.384,100
1.522,1.002,-168.644,-27.1093,-22.7493,100
1.523,1.003,-168.66,-27.1173,-22.9573,100
1.518,1.003,-168.629,-27.4773,-23.024,100
1.521,1.003,-168.653,-26.968,-23.024,100
1.514,1.002,-168.658,-27.5787,-23.0827,100
1.521,1.001,-168.627,-26.7013,-23.0747,100
1.522,1.002,-168.648,-27.1093,-22.9493,100
1.518,0.999,-168.671,-27.4107,-23.192,100
1.52,0.998,-168.637,-27.0267,-23.0507,100
1.523,1.002,-168.672,-26.984,-22.7493,100
1.517,1,-168.658,-27.536,-23.1333,100
1.52,1.003,-168.651,-26.96,-22.824,100
1.516,1.003,-168.686,-27.3947,-23.024,100
1.517,1.002,-168.64,-27.0693,-23.0827,100
1.518,1.002,-168.664,-27.0773,-23.016,100
1.521,0.998,-168.67,-26.968,-23.2507,100
1.523,1.003,-168.674,-27.0507,-22.6907,100
1.524,1.003,-168.683,-27.1253,-23.024,100
1.519,1.003,-168.671,-27.4853,-23.024,100
1.519,1.003,-168.691,-27.152,-23.024,100
1.517,1.005,-168.705,-27.2693,-22.9067,100
1.516,1.002,-168.669,-27.1947,-23.216,100
1.519,1.001,-168.699,-26.952,-23.0747,100
1.517,0.998,-168.687,-27.2693,-23.184,100
1.523,1.003,-168.687,-26.784,-22.6907,100
1.52,1.005,-168.705,-27.36,-22.9067,100
1.52,1.003,-168.671,-27.16,-23.1573,100
1.52,1.007,-168.723,-27.16,-22.7893,100
1.516,1.003,-168.687,-27.3947,-23.2907,100
1.519,1.006,-168.701,-26.952,-22.848,100
1.517,0.999,-168.718,-27.2693,-23.4587,100
1.523,1,-168.686,-26.784,-22.9333,100
1.523,1.001,-168.718,-27.184,-22.9413,100
1.519,1,-168.7,-27.4187,-23.0667,100
1.519,1.006,-168.726,-27.152,-22.648,100
1.518,1.003,-168.727,-27.2107,-23.224,100
1.514,1.004,-168.709,-27.3787,-22.9653,100
1.516,0.999,-168.739,-26.9947,-23.3253,100
1.515,1,-168.737,-27.1867,-22.9333,100
1.521,1,-168.718,-26.768,-23,100
1.521,1.002,-168.739,-27.168,-22.8827,100
1.518,1.001,-168.719,-27.344,-23.0747,100
1.52,1.004,-168.741,-27.0267,-22.832,100
1.513,1.003,-168.738,-27.5707,-23.0907,100
1.516,1.001,-168.718,-26.928,-23.1413,100
1.516,0.999,-168.77,-27.128,-23.1253,100
1.519,0.996,-168.725,-26.952,-23.168,100
1.518,1.003,-168.766,-27.2107,-22.5573,100
1.517,0.996,-168.749,-27.2027,-23.4347,100
1.518,1.001,-168.742,-27.0773,-22.6747,100
1.519,0.996,-168.778,-27.0853,-23.3013,100
1.513,0.998,-168.736,-27.504,-22.8507,100
1.516,1,-168.782,-26.928,-22.8667,100
1.516,0.997,-168.753,-27.128,-23.176,100
1.512,0.999,-168.749,-27.3627,-22.8587,100
1.515,1.001,-168.765,-26.92,-22.8747,100
1.511,0.996,-168.78,-27.3547,-23.3013,100
1.517,0.995,-168.752,-26.736,-23.0267,100
1.518,0.996,-168.791,-27.0773,-22.9013,100
1.518,0.992,-168.753,-27.144,-23.2027,100
1.518,0.997,-168.788,-27.144,-22.6427,100
1.516,0.993,-168.783,-27.2613,-23.2107,100
1.512,0.998,-168.765,-27.3627,-22.6507,100
1.51,0.994,-168.801,-27.2133,-23.2187,100
1.509,0.992,-168.786,-27.1387,-23.0693,100
1.516,0.995,-168.786,-26.6613,-22.76,100
1.52,0.992,-168.792,-26.8933,-23.136,100
1.515,0.995,-168.783,-27.4533,-22.76,100
1.519,0.998,-168.803,-26.8853,-22.784,100
1.514,0.997,-168.794,-27.4453,-23.0427,100
1.514,0.997,-168.777,-27.112,-22.976,100
1.512,0.994,-168.826,-27.2293,-23.152,100
1.512,0.991,-168.79,-27.096,-23.128,100
1.517,0.993,-168.817,-26.8027,-22.8107,100
1.514,0.989,-168.81,-27.312,-23.1787,100
1.519,0.993,-168.802,-26.8187,-22.6773,100
1.516,0.994,-168.833,-27.328,-22.8853,100
1.514,0.995,-168.794,-27.2453,-22.8933,100
1.515,0.998,-168.844,-27.0533,-22.784,100
1.517,0.991,-168.814,-27.0027,-23.3947,100
1.515,0.995,-168.82,-27.2533,-22.6933,100
1.517,0.987,-168.842,-27.0027,-23.4293,100
1.51,0.992,-168.81,-27.5467,-22.6027,100
