PID Gains,0.1,0,0
BaseSpeed,1200
Pitch,Roll,Yaw,Pid_output_X,pid_output_Y,pid_output_Z
1.793,1.114,-158.931,-0.1793,-0.1114,100
1.793,1.113,-158.942,-0.1793,-0.1113,100
1.79,1.112,-158.953,-0.179,-0.1112,100
1.789,1.11,-158.955,-0.1789,-0.111,100
1.777,1.101,-158.941,-0.1777,-0.1101,100
1.759,1.093,-158.903,-0.1759,-0.1093,100
1.747,1.092,-158.877,-0.1747,-0.1092,100
1.732,1.094,-158.863,-0.1732,-0.1094,100
1.719,1.093,-158.841,-0.1719,-0.1093,100
1.705,1.092,-158.834,-0.1705,-0.1092,100
1.686,1.097,-158.807,-0.1686,-0.1097,100
1.677,1.102,-158.788,-0.1677,-0.1102,100
1.661,1.117,-158.728,-0.1661,-0.1117,100
1.635,1.144,-158.64,-0.1635,-0.1144,100
1.613,1.181,-158.577,-0.1613,-0.1181,100
1.603,1.201,-158.579,-0.1603,-0.1201,100
1.591,1.234,-158.585,-0.1591,-0.1234,100
1.583,1.245,-158.603,-0.1583,-0.1245,100
1.578,1.247,-158.61,-0.1578,-0.1247,100
1.581,1.231,-158.624,-0.1581,-0.1231,100
1.578,1.214,-158.631,-0.1578,-0.1214,100
1.581,1.201,-158.636,-0.1581,-0.1201,100
1.59,1.17,-158.65,-0.159,-0.117,100
1.595,1.158,-158.656,-0.1595,-0.1158,100
1.6,1.133,-158.669,-0.16,-0.1133,100
1.603,1.105,-158.673,-0.1603,-0.1105,100
1.604,1.093,-158.677,-0.1604,-0.1093,100
1.6,1.081,-158.682,-0.16,-0.1081,100
1.606,1.078,-158.67,-0.1606,-0.1078,100
1.593,1.084,-158.648,-0.1593,-0.1084,100
1.595,1.097,-158.612,-0.1595,-0.1097,100
1.597,1.096,-158.612,-0.1597,-0.1096,100
1.588,1.08,-158.602,-0.1588,-0.108,100
1.579,1.075,-158.585,-0.1579,-0.1075,100
1.58,1.078,-158.595,-0.158,-0.1078,100
1.569,1.08,-158.562,-0.1569,-0.108,100
1.563,1.085,-158.572,-0.1563,-0.1085,100
1.566,1.091,-158.562,-0.1566,-0.1091,100
1.553,1.1,-158.551,-0.1553,-0.11,100
1.55,1.101,-158.547,-0.155,-0.1101,100
1.556,1.098,-158.511,-0.1556,-0.1098,100
1.557,1.086,-158.518,-0.1557,-0.1086,100
1.561,1.078,-158.474,-0.1561,-0.1078,100
1.546,1.085,-158.473,-0.1546,-0.1085,100
1.549,1.084,-158.46,-0.1549,-0.1084,100
1.549,1.087,-158.466,-0.1549,-0.1087,100
1.536,1.088,-158.502,-0.1536,-0.1088,100
1.552,1.079,-158.501,-0.1552,-0.1079,100
1.553,1.067,-158.533,-0.1553,-0.1067,100
1.564,1.066,-158.578,-0.1564,-0.1066,100
1.578,1.068,-158.574,-0.1578,-0.1068,100
1.572,1.075,-158.585,-0.1572,-0.1075,100
1.594,1.07,-158.604,-0.1594,-0.107,100
1.595,1.073,-158.592,-0.1595,-0.1073,100
1.59,1.07,-158.595,-0.159,-0.107,100
1.614,1.066,-158.608,-0.1614,-0.1066,100
1.613,1.063,-158.61,-0.1613,-0.1063,100
1.628,1.058,-158.622,-0.1628,-0.1058,100
1.645,1.058,-158.646,-0.1645,-0.1058,100
1.649,1.057,-158.645,-0.1649,-0.1057,100
1.65,1.057,-158.672,-0.165,-0.1057,100
1.674,1.052,-158.697,-0.1674,-0.1052,100
1.684,1.061,-158.716,-0.1684,-0.1061,100
1.697,1.06,-158.745,-0.1697,-0.106,100
1.713,1.07,-158.771,-0.1713,-0.107,100
1.735,1.073,-158.792,-0.1735,-0.1073,100
1.749,1.08,-158.801,-0.1749,-0.108,100
1.758,1.08,-158.811,-0.1758,-0.108,100
1.765,1.082,-158.819,-0.1765,-0.1082,100
1.765,1.084,-158.806,-0.1765,-0.1084,100
1.765,1.079,-158.81,-0.1765,-0.1079,100
1.774,1.093,-158.831,-0.1774,-0.1093,100
1.779,1.091,-158.838,-0.1779,-0.1091,100
1.799,1.101,-158.861,-0.1799,-0.1101,100
1.809,1.112,-158.875,-0.1809,-0.1112,100
1.813,1.115,-158.897,-0.1813,-0.1115,100
1.826,1.128,-158.902,-0.1826,-0.1128,100
1.822,1.122,-158.893,-0.1822,-0.1122,100
1.825,1.121,-158.883,-0.1825,-0.1121,100
1.816,1.113,-158.876,-0.1816,-0.1113,100
1.82,1.113,-158.885,-0.182,-0.1113,100
1.826,1.12,-158.878,-0.1826,-0.112,100
1.828,1.123,-158.886,-0.1828,-0.1123,100
1.838,1.13,-158.891,-0.1838,-0.113,100
1.835,1.132,-158.911,-0.1835,-0.1132,100
1.84,1.135,-158.908,-0.184,-0.1135,100
1.838,1.133,-158.906,-0.1838,-0.1133,100
1.833,1.127,-158.902,-0.1833,-0.1127,100
1.838,1.128,-158.904,-0.1838,-0.1128,100
1.833,1.13,-158.913,-0.1833,-0.113,100
1.837,1.128,-158.9,-0.1837,-0.1128,100
1.837,1.132,-158.908,-0.1837,-0.1132,100
1.839,1.13,-158.911,-0.1839,-0.113,100
1.845,1.136,-158.932,-0.1845,-0.1136,100
1.844,1.133,-158.935,-0.1844,-0.1133,100
1.85,1.136,-158.942,-0.185,-0.1136,100
1.848,1.138,-158.943,-0.1848,-0.1138,100
1.842,1.134,-158.954,-0.1842,-0.1134,100
1.843,1.14,-158.949,-0.1843,-0.114,100
1.84,1.136,-158.939,-0.184,-0.1136,100
1.847,1.141,-158.931,-0.1847,-0.1141,100
1.847,1.139,-158.938,-0.1847,-0.1139,100
1.846,1.136,-158.948,-0.1846,-0.1136,100
1.852,1.137,-158.953,-0.1852,-0.1137,100
1.85,1.135,-158.97,-0.185,-0.1135,100
1.856,1.139,-158.979,-0.1856,-0.1139,100
1.85,1.145,-158.998,-0.185,-0.1145,100
1.851,1.143,-158.998,-0.1851,-0.1143,100
1.855,1.149,-158.993,-0.1855,-0.1149,100
1.856,1.146,-158.992,-0.1856,-0.1146,100
1.866,1.152,-159.006,-0.1866,-0.1152,100
1.864,1.15,-159.007,-0.1864,-0.115,100
1.867,1.15,-159.016,-0.1867,-0.115,100
1.865,1.152,-159.019,-0.1865,-0.1152,100
1.86,1.149,-159.039,-0.186,-0.1149,100
1.863,1.158,-159.045,-0.1863,-0.1158,100
1.853,1.154,-159.053,-0.1853,-0.1154,100
1.858,1.151,-159.049,-0.1858,-0.1151,100
1.846,1.145,-159.058,-0.1846,-0.1145,100
1.83,1.133,-159.058,-0.183,-0.1133,100
1.823,1.13,-159.049,-0.1823,-0.113,100
1.797,1.116,-159.041,-0.1797,-0.1116,100
1.782,1.11,-159.024,-0.1782,-0.111,100
1.766,1.108,-159.038,-0.1766,-0.1108,100
1.747,1.097,-159.022,-0.1747,-0.1097,100
1.739,1.093,-159.019,-0.1739,-0.1093,100
1.737,1.09,-159.007,-0.1737,-0.109,100
1.744,1.094,-159.013,-0.1744,-0.1094,100
1.73,1.087,-159.02,-0.173,-0.1087,100
1.728,1.08,-159.021,-0.1728,-0.108,100
1.729,1.088,-159.028,-0.1729,-0.1088,100
1.724,1.085,-159.043,-0.1724,-0.1085,100
1.723,1.085,-159.063,-0.1723,-0.1085,100
1.716,1.083,-159.076,-0.1716,-0.1083,100
1.725,1.083,-159.073,-0.1725,-0.1083,100
1.729,1.088,-159.067,-0.1729,-0.1088,100
1.726,1.084,-159.074,-0.1726,-0.1084,100
1.737,1.094,-159.087,-0.1737,-0.1094,100
1.742,1.093,-159.084,-0.1742,-0.1093,100
1.753,1.094,-159.092,-0.1753,-0.1094,100
1.752,1.099,-159.103,-0.1752,-0.1099,100
1.745,1.097,-159.118,-0.1745,-0.1097,100
1.754,1.099,-159.125,-0.1754,-0.1099,100
1.746,1.093,-159.127,-0.1746,-0.1093,100
1.751,1.098,-159.129,-0.1751,-0.1098,100
1.747,1.097,-159.137,-0.1747,-0.1097,100
1.75,1.099,-159.152,-0.175,-0.1099,100
1.756,1.103,-159.141,-0.1756,-0.1103,100
1.748,1.099,-159.15,-0.1748,-0.1099,100
1.754,1.098,-159.156,-0.1754,-0.1098,100
1.745,1.094,-159.17,-0.1745,-0.1094,100
1.747,1.092,-159.172,-0.1747,-0.1092,100
1.751,1.1,-159.172,-0.1751,-0.11,100
1.747,1.099,-159.177,-0.1747,-0.1099,100
1.749,1.097,-159.186,-0.1749,-0.1097,100
1.741,1.094,-159.197,-0.1741,-0.1094,100
1.749,1.092,-159.182,-0.1749,-0.1092,100
1.75,1.097,-159.186,-0.175,-0.1097,100
1.746,1.092,-159.184,-0.1746,-0.1092,100
1.747,1.092,-159.197,-0.1747,-0.1092,100
1.746,1.096,-159.192,-0.1746,-0.1096,100
1.755,1.101,-159.19,-0.1755,-0.1101,100
1.752,1.104,-159.198,-0.1752,-0.1104,100
1.748,1.098,-159.203,-0.1748,-0.1098,100
1.755,1.098,-159.21,-0.1755,-0.1098,100
1.759,1.1,-159.196,-0.1759,-0.11,100
1.762,1.099,-159.203,-0.1762,-0.1099,100
1.762,1.101,-159.214,-0.1762,-0.1101,100
1.76,1.094,-159.225,-0.176,-0.1094,100
1.774,1.111,-159.233,-0.1774,-0.1111,100
1.772,1.105,-159.238,-0.1772,-0.1105,100
1.769,1.104,-159.252,-0.1769,-0.1104,100
1.765,1.103,-159.258,-0.1765,-0.1103,100
1.768,1.102,-159.257,-0.1768,-0.1102,100
1.778,1.113,-159.246,-0.1778,-0.1113,100
1.765,1.106,-159.245,-0.1765,-0.1106,100
1.769,1.109,-159.253,-0.1769,-0.1109,100
1.764,1.105,-159.255,-0.1764,-0.1105,100
1.766,1.104,-159.254,-0.1766,-0.1104,100
1.768,1.105,-159.257,-0.1768,-0.1105,100
1.76,1.097,-159.271,-0.176,-0.1097,100
1.766,1.099,-159.276,-0.1766,-0.1099,100
1.76,1.099,-159.277,-0.176,-0.1099,100
1.768,1.104,-159.27,-0.1768,-0.1104,100
1.77,1.111,-159.276,-0.177,-0.1111,100
1.769,1.106,-159.283,-0.1769,-0.1106,100
1.766,1.1,-159.291,-0.1766,-0.11,100
1.775,1.107,-159.286,-0.1775,-0.1107,100
1.783,1.11,-159.287,-0.1783,-0.111,100
1.776,1.108,-159.297,-0.1776,-0.1108,100
1.77,1.101,-159.308,-0.177,-0.1101,100
1.777,1.11,-159.314,-0.1777,-0.111,100
1.776,1.111,-159.313,-0.1776,-0.1111,100
1.78,1.112,-159.318,-0.178,-0.1112,100
1.776,1.108,-159.327,-0.1776,-0.1108,100
1.778,1.107,-159.324,-0.1778,-0.1107,100
1.783,1.108,-159.328,-0.1783,-0.1108,100
1.779,1.106,-159.328,-0.1779,-0.1106,100
1.777,1.103,-159.337,-0.1777,-0.1103,100
1.769,1.106,-159.338,-0.1769,-0.1106,100
1.771,1.103,-159.333,-0.1771,-0.1103,100
1.775,1.105,-159.321,-0.1775,-0.1105,100
1.773,1.102,-159.31,-0.1773,-0.1102,100
1.78,1.11,-159.302,-0.178,-0.111,100
1.777,1.11,-159.296,-0.1777,-0.111,100
1.781,1.11,-159.292,-0.1781,-0.111,100
1.783,1.114,-159.292,-0.1783,-0.1114,100
1.783,1.113,-159.304,-0.1783,-0.1113,100
1.784,1.113,-159.302,-0.1784,-0.1113,100
1.779,1.108,-159.291,-0.1779,-0.1108,100
1.782,1.112,-159.27,-0.1782,-0.1112,100
1.782,1.112,-159.265,-0.1782,-0.1112,100
1.782,1.109,-159.255,-0.1782,-0.1109,100
1.783,1.11,-159.257,-0.1783,-0.111,100
1.79,1.118,-159.245,-0.179,-0.1118,100
1.798,1.125,-159.242,-0.1798,-0.1125,100
1.794,1.121,-159.24,-0.1794,-0.1121,100
1.792,1.116,-159.246,-0.1792,-0.1116,100
1.796,1.122,-159.245,-0.1796,-0.1122,100
1.798,1.122,-159.239,-0.1798,-0.1122,100
1.793,1.118,-159.248,-0.1793,-0.1118,100
1.789,1.114,-159.254,-0.1789,-0.1114,100
1.786,1.113,-159.261,-0.1786,-0.1113,100
1.79,1.116,-159.278,-0.179,-0.1116,100
1.787,1.114,-159.271,-0.1787,-0.1114,100
1.791,1.117,-159.273,-0.1791,-0.1117,100
1.798,1.125,-159.267,-0.1798,-0.1125,100
1.797,1.119,-159.244,-0.1797,-0.1119,100
1.801,1.116,-159.236,-0.1801,-0.1116,100
1.795,1.118,-159.215,-0.1795,-0.1118,100
1.803,1.121,-159.191,-0.1803,-0.1121,100
1.803,1.125,-159.176,-0.1803,-0.1125,100
1.803,1.122,-159.163,-0.1803,-0.1122,100
1.806,1.13,-159.168,-0.1806,-0.113,100
1.803,1.125,-159.172,-0.1803,-0.1125,100
1.81,1.125,-159.178,-0.181,-0.1125,100
1.809,1.125,-159.167,-0.1809,-0.1125,100
1.807,1.125,-159.178,-0.1807,-0.1125,100
1.811,1.13,-159.17,-0.1811,-0.113,100
1.802,1.123,-159.185,-0.1802,-0.1123,100
1.809,1.126,-159.171,-0.1809,-0.1126,100
1.808,1.122,-159.196,-0.1808,-0.1122,100
1.805,1.127,-159.201,-0.1805,-0.1127,100
1.81,1.126,-159.204,-0.181,-0.1126,100
1.811,1.126,-159.214,-0.1811,-0.1126,100
1.806,1.126,-159.204,-0.1806,-0.1126,100
1.802,1.128,-159.224,-0.1802,-0.1128,100
1.808,1.125,-159.201,-0.1808,-0.1125,100
1.8,1.128,-159.208,-0.18,-0.1128,100
1.795,1.124,-159.198,-0.1795,-0.1124,100
1.79,1.124,-159.193,-0.179,-0.1124,100
1.787,1.119,-159.171,-0.1787,-0.1119,100
1.783,1.119,-159.16,-0.1783,-0.1119,100
